1397194824 27
1397195063 63
1397199217 138001
1397202382 138170
1397202803 138170
1397204095 138174
1397204309 138177
1397204737 138177
1397205044 149790
1397205476 149805
1397206391 149805
1397208521 149805
1397208603 149804
1397238816 149813
1397239960 149828
1397240995 149822
1397241532 149822
1397242091 149823
1397243225 149845
1397277316 149836
1397278028 149848
1397310393 139489
1397566111 151029
1398081304 151029
1398126994 151029
1398143740 154247
1398293991 161191
1398294846 154247
1398294956 161224
1398663984 161607
1398697969 161585
1398779351 161586
1398859417 161586
1398937913 161604
1399189278 161609
1399189352 161610
1399189478 161610
1399189600 161611
1399246566 161612
1399263901 161612
1399263915 161611
1399264069 161612
1399264167 161612
1399264249 161611
1399264352 161612
1399265326 161646
1399265378 161647
1399267167 161721
1399267401 161721
1399267580 161724
1399268369 161755
1399273404 161780
1399276934 161864
1399276952 161864
1399278558 161893
1399308864 161901
1399309566 161903
1399311571 161915
1399311736 161915
1399312040 161915
1399312201 161915
1399358185 161933
1399358608 161933
1399359793 161936
1399365392 162058
1399365439 162062
1399368139 162070
1399368575 162069
1399369016 162073
1399378591 162229
1399379574 162263
1399380016 162264
1399380167 162265
1399381143 162277
1399386323 162277
1399387248 162281
1399387861 162304
1399388713 162312
1399388846 162313
1399389095 162313
1399390307 162313
1399396457 162313
1399397009 162313
1399398234 162314
1399400929 164193
1399401617 164194
1399527343 164194
1399549059 164229
1399549307 164244
1399550353 164233
1399550448 164233
1399550486 164233
1399550554 164233
1399562834 164233
1399630564 164231
1399631403 164249
1399658676 164348
1399658823 164349
1399658917 164351
1399659228 164351
1400083047 164356
1400083404 164358
1400210752 164378
1400212168 164374
1400212430 164375
1400213815 164375
1400213844 164375
1400564269 164375
1400564477 164375
1400608604 164375
1400609701 164375
1400610672 164375
1400611011 164385
1400702941 164385
1400813927 164380
1400898723 164384
1401051287 164385
1401141336 164384
1401141488 164384
1401141534 164384
1401874837 164386
1401874916 164386
1402043962 164385
1402643106 365596
1403428314 933738
1403627257 935475
1403627699 1186340
1403802324 1195712
1403806207 1195711
1403902449 1195710
1403979863 1195710
1404078703 1195710
1404079298 1195709
1404079529 1195709
1404079857 1195709
1404080345 1195709
1404080507 1195719
1404081150 1195719
1404578146 1195719
1407042662 1195721
1407043087 1195721
1407166555 1195723
1409048004 1195727
1409048113 1197661
1409050055 1197662
1409052757 1197662
1409054415 1197662
1409054512 1197662
1409054770 1197666
1409054892 1197666
1409081325 1197670
1409416894 1197670
1410596193 1197670
1413954712 1197670
1414581818 1197670
1415636071 1197671
1415637796 1197672
1415875079 1197672
1416074347 1197672
1416074365 1197673
1417891275 1197701
1417921793 1197701
1417922198 1197701
1417966497 1197701
1417968035 1197707
1418169740 1197707
1418169991 1197707
1418176223 1197828
1418177857 1197838
1418178726 1197837
1418493945 1197841
1418659282 1197841
1418767703 1197844
1418768502 1197843
1418768831 1197845
1418773835 1197845
1418811619 1197845
1418958837 1197842
1419338028 1197843
1419654313 1197843
1419935240 1197847
1419936692 1197860
1419957355 1197859
1420903401 1197865
1422461945 1197865
1422462007 1197843
1422462055 1197842
1422480459 1197842
1423210566 1197841
1423210600 1197823
1423271803 1197839
1423551069 1197839
1423557578 1197839
1423557951 1197832
1423775324 1197854
1423838606 1197868
1424051602 1197843
1424284517 1197869
1424285083 1197869
1424854594 1197871
1426533945 1197871
1426534643 1197849
1426534770 1197847
1426534836 1197843
1426537748 1197843
1426537914 1197845
1426546328 1197840
1426546594 1197840
1426554270 1197840
1428255410 1197845
1428255736 1197850
1429085637 1197850
1429169403 1197859
1429173721 1197866
1429178489 1197866
1429178919 1197866
1429178993 1197863
1429183431 1197935
1429183468 1197941
1429183539 1197941
1429183862 1197941
1429184027 1197941
1429184282 1197941
1429184414 1197944
1429950505 3082357
1429951493 3082357
1429951509 3082357
1429953182 3082359
1430036884 4658
1430159872 4659
1430159889 4688
1430160104 4689
1430173308 4689
1430372072 4689
1430466706 4689
1430468048 4689
1430468094 4689
1430468518 4689
1430469131 4690
1430469822 4690
1430469855 4690
1430469938 4690
1430469979 4687
1430699418 4691
1430699905 4702
1430699968 4706
1430700226 4716
1430709029 4717
1430709678 4721
1430711727 4693
1430711768 4694
1430711920 4694
1430712143 4694
1430713614 4700
1430724161 4700
1430725219 4659
1430728235 4668
1430730184 4668
1430730288 4662
1430756262 4664
1430756283 4669
1430757404 4669
1430817347 4638
1430817457 4640
1430831044 4640
1430831119 4640
1431025888 4640
1431372903 4599
1431372970 4599
1431372985 4599
1431496567 4641
1431496593 4644
1431497832 4603
1431497900 4608
1431497933 4603
1431498046 4600
1431498229 4599
1431863868 4608
1431863883 4603
1431864545 4606
1431877663 4606
1431944714 4605
1431944758 4605
1431965828 4605
1432007836 4195
1432008058 4202
1432025223 4227
1432025844 4227
1432026468 4227
1432031286 3994
1432067400 4006
1432128860 4006
1432130447 4007
1432146208 4007
1432146421 4007
1432151507 4009
1432151726 4003
1432152214 4003
1432153970 4003
1432225514 4004
1432460387 4003
1432460410 4003
1432506182 3992
1432506745 3991
1432507764 3986
1432523290 4013
1432535261 4014
1432536338 4015
1432581198 4013
1432588561 4012
1432594767 3933
1432594827 3933
1432595464 3932
1432597669 3937
1432598045 3937
1432598165 3935
1432598405 3935
1432671870 3941
1433052362 4440
1433052496 4414
1433052577 4414
1434020024 4481
1434024973 4776
1434026154 4776
1434036870 4778
1434036919 4778
1434038221 4778
1434038716 5408
1434124135 5425
1434126900 5502
1434126972 5470
1434127638 5471
1434127752 5473
1434128167 5474
1434130474 5474
1434136443 5474
1434136536 5474
1434154709 5476
1434154714 5476
1434156049 5476
1434407230 5478
1434416599 5482
1434416804 5481
1434612633 5482
1435717423 5482
1435868987 5484
1436250749 5484
1436338258 5488
1436515024 5488
1436648765 5488
1437337196 5488
1437487286 5488
1437832174 5488
1437832603 5488
1437833074 5488
1437852342 5488
1437985034 5493
1438011237 4987
1438022002 4990
1438771199 4993
1438777009 4994
1438847662 4994
1438951560 4994
1438951700 4994
1439138456 5004
1439214774 5004
1439218540 5006
1440143434 5011
1441007975 15169
1441024672 15169
1441124646 15169
1441263743 15169
1441263827 15169
1441264133 15163
1441264330 15163
1441554396 15481
1441554461 15486
1441559986 15512
1441565519 15512
1441565526 15515
1441566374 15515
1441566518 15515
1441766396 15515
1441780587 15515
1441780883 15515
1441780996 15516
1441781149 15516
1442127154 15520
1442127252 15520
1442127374 15520
1442127539 15521
1442128628 15529
1442129137 15534
1442134405 15535
1442135962 15565
1442139577 15579
1442223107 15565
1442233894 15586
1442995625 15586
1442995865 15587
1442996081 15587
1443070335 9030
1443362507 9030
1443363199 9029
1443369926 9029
1443371261 9021
1443374583 14259
1443392741 14262
1443393237 14289
1443393361 14261
1443394126 14296
1443590044 14296
1443590177 14261
1443590535 14262
1443590556 14263
1443590570 14266
1443659231 14266
1443708818 9029
1443956808 9028
1444331529 9034
1444698529 9035
1444699640 9038
1444828612 9038
1445144985 9034
1445145958 9034
1445246917 9035
1445342209 9035
1445345534 9045
1445345577 9042
1446054414 4308
1446054681 4306
1446103266 9052
1446111139 4262
1446111165 4268
1446121659 4262
1446122874 4269
1446202918 4306
1446202969 4306
1446202989 4306
1446432314 4305
1446537875 4303
1446549440 4303
1446624688 4303
1446786444 4303
1446787435 4303
1446800740 4304
1446800760 4314
1446839670 4304
1447006816 4303
1447049823 4303
1447595212 4304
1447684089 4304
1448094731 4304
1448204804 4305
1448521965 4323
1448524151 4323
1448524162 14608
1449125995 17575
1449126617 17575
1449207540 17575
1449480443 17575
1449503976 17575
1449504062 17575
1449504149 17575
1450863165 17596
1450872114 17596
1450872143 17596
1450872197 17596
1450873375 17596
1450946017 17598
1451126765 17598
1451138210 17598
1451289371 17598
1451343600 17596
1451565647 17596
1451964904 17596
1452354204 17604
1452354288 17606
1452501916 17606
1452512335 17606
1452512472 17606
1452513233 17606
1452513851 17606
1452513947 17606
1452514151 17606
1452518662 15111
1453208576 15111
1453212380 15111
1453289859 15113
1453291455 15115
1453563756 15119
1454231477 15115
1454239497 15136
1454240463 15136
1454240489 15137
1454240676 15137
1454396898 15137
1454579186 15137
1454579382 15137
1454664312 16312
1455543286 16312
1455546433 16312
1455549470 16313
1455793384 16313
1456039189 16313
1456050516 16313
1456139320 16313
1456160908 16313
1456302588 16313
1456304185 16327
1456304208 16327
1456304790 16328
1456304809 16340
1456305000 16340
1456331423 16345
1456471433 16348
1456665086 16350
1456665470 16440
1456666194 16458
1456670605 16458
1456691119 16458
1456692352 16458
1456692754 16459
1456693061 16463
1456694222 16465
1456694742 16466
1456695631 16468
1456696827 16468
1456865502 16469
1456865870 16469
1456866657 16468
1456866948 16468
1456900843 16472
1457017265 16472
1457446111 16472
1457712922 16472
1457713059 16472
1457797112 16471
1457797211 16471
1457797747 16485
1457799637 16485
1457864784 16485
1458395822 16485
1458486592 16485
1459071196 16489
1459693351 16489
1460100608 16489
1461297707 16489
1461303329 16489
1461303945 16489
1461305166 16489
1461867144 16498
1461923065 16503
1461999770 16516
1462001286 16517
1462037273 16517
1462090954 16517
1462091225 16517
1462108000 16517
1463018963 16517
1463033408 16518
1463063892 16523
1463065663 16525
1463146838 16525
1463206474 16525
1463383204 16525
1463653156 16561
1463653747 16562
1463654899 16560
1464005801 16560
1464285206 16560
1464336203 16560
1464743399 16560
1464787920 16560
1464833230 16560
1464833284 16560
1464863621 16566
1464863711 16567
1464869647 16567
1464952623 16571
1464962750 16571
1465123554 16571
1465123868 16570
1465133925 16570
1465133962 16574
1465144732 16577
1465176994 16582
1465177010 16582
1465307843 16586
1465309089 16586
1465414118 16586
1465798972 16593
1465800394 16591
1465800590 16600
1465801008 16600
1465802316 16605
1465803177 16610
1465826913 16630
1465891240 16631
1465906512 16631
1465906611 16632
1466235402 16632
1466422112 16632
1467532427 16632
1468064435 16631
1468065414 16634
1468067052 16634
1468068647 16634
1468068666 16643
1468069131 16643
1468069256 16643
1468069965 16643
1468070069 16640
1468071393 16642
1468071415 16645
1468074205 16645
1468074242 16649
1468074268 16649
1468074745 16652
1468074779 16653
1468074823 16651
1468076364 16652
1468089991 16654
1468099859 16736
1468133447 16735
1468133548 16735
1468133693 16735
1468216300 16735
1468237260 16735
1468241735 16742
1468241777 16750
1468241851 16747
1468241878 16747
1468242268 16749
1468242718 16752
1468242813 16764
1468243220 16764
1468243257 16764
1468243347 16765
1468493156 16762
1468773103 16762
1469077033 16762
1469418608 16762
1470124508 16763
1470127076 16763
1470268146 16763
1470271836 16763
1471936956 16750
1471941412 16749
1471968204 16747
1472134208 16747
1472377481 16723
1472550799 16723
1472579167 70857
1472696303 70855
1472696872 70860
1472800509 70861
1472803112 70861
1472805793 70861
1472808496 70861
1472814789 70861
1472893225 70866
1473061056 70869
1473340313 70869
1473513557 70869
1473513817 70869
1474196052 70870
1474196309 70870
1474254842 70873
1474925385 70873
1475122566 70873
1475352955 70873
1475588074 71151
1475631674 71151
1475631700 71151
1475632570 71161
1475943645 71164
1475943805 71162
1475943893 71160
1475944723 71146
1475944742 71145
1475945065 71139
1476087773 71147
1476659490 71147
1476676681 71150
1476685153 71150
1476766086 71153
1476810416 71153
1476945867 71153
1477119734 71161
1477120030 71162
1477120425 71164
1477239958 71164
1477284616 71168
1477284947 71173
1477290321 71175
1477578067 71175
1478021277 71175
1478535416 71133
1478545162 71133
1480128184 71133
1480663467 71133
1480995030 71227
1481347565 71425
1481506947 71425
1482795445 71419
1482800710 71427
1482824723 71430
1482825074 71430
1482825157 71431
1483202814 78523
1483290726 78523
1483349512 78523
1483366564 78263
1483371151 78262
1484637747 78290
1485781770 78286
1485984636 78286
1486986102 78279
1487042561 78280
1487264060 78280
1487443930 78280
1487443989 81971
1487452018 82727
1487628060 82718
1487629364 82718
1487629371 82723
1487630242 82721
1487630446 82725
1487762981 82726
1487764675 82730
1487867715 82730
1488114453 82735
1488114491 82735
1488115178 82735
1488139177 82735
1488217175 82736
1488415316 82736
1489067987 82739
1489068888 82740
1489141505 82739
1489347842 82740
1489492971 82744
1489575865 82717
1489576335 82717
1489576579 82718
1490076248 82720
1490080025 82720
1490121004 82719
1490341535 82719
1490516347 82731
1490539995 82763
1490544290 82767
1490605904 82766
