1397194824 0 27 0 0 0 0 0 0 0 0 0 0 0 0 0 0 0 0 0 0
1397195063 0 63 0 0 0 0 0 0 0 0 0 0 0 0 0 0 0 0 0 0
1397199217 0 138003 0 0 0 0 0 0 0 0 0 0 0 0 0 0 0 0 0 0
1397202382 0 138225 0 0 0 0 0 0 0 0 0 0 0 0 0 0 0 0 0 0
1397202803 0 138227 0 0 0 0 0 0 0 0 0 0 0 0 0 0 0 0 0 0
1397204095 0 138237 0 0 0 0 0 0 0 0 0 0 0 0 0 0 0 0 0 0
1397204309 0 138263 0 0 0 0 0 0 0 0 0 0 0 0 0 0 0 0 0 0
1397204737 0 138264 0 0 0 0 0 0 0 0 0 0 0 0 0 0 0 0 0 0
1397205044 0 149877 0 0 0 0 0 0 0 0 0 0 0 0 0 0 0 0 0 0
1397205476 0 149896 0 0 0 0 0 0 0 0 0 0 0 0 0 0 0 0 0 0
1397206391 0 149897 0 0 0 0 0 0 0 0 0 0 0 0 0 0 0 0 0 0
1397208521 0 149898 0 0 0 0 0 0 0 0 0 0 0 0 0 0 0 0 0 0
1397208603 0 149899 0 0 0 0 0 0 0 0 0 0 0 0 0 0 0 0 0 0
1397238816 0 149912 0 0 0 0 0 0 0 0 0 0 0 0 0 0 0 0 0 0
1397239960 0 149941 0 0 0 0 0 0 0 0 0 0 0 0 0 0 0 0 0 0
1397240995 0 149958 0 0 0 0 0 0 0 0 0 0 0 0 0 0 0 0 0 0
1397241532 0 149959 0 0 0 0 0 0 0 0 0 0 0 0 0 0 0 0 0 0
1397242091 0 149965 0 0 0 0 0 0 0 0 0 0 0 0 0 0 0 0 0 0
1397243225 0 150023 0 0 0 0 0 0 0 0 0 0 0 0 0 0 0 0 0 0
1397277316 0 150040 0 0 0 0 0 0 0 0 0 0 0 0 0 0 0 0 0 0
1397278028 0 150057 0 0 0 0 0 0 0 0 0 0 0 0 0 0 0 0 0 0
1397310393 0 150270 0 0 0 0 0 0 0 0 0 0 0 0 0 0 0 0 0 0
1397566111 0 162365 0 0 0 0 0 0 0 0 0 0 0 0 0 0 0 0 0 0
1398081304 0 162366 0 0 0 0 0 0 0 0 0 0 0 0 0 0 0 0 0 0
1398126994 0 162367 0 0 0 0 0 0 0 0 0 0 0 0 0 0 0 0 0 0
1398143740 0 168077 0 0 0 0 0 0 0 0 0 0 0 0 0 0 0 0 0 0
1398293991 0 186515 0 0 0 0 0 0 0 0 0 0 0 0 0 0 0 0 0 0
1398294846 0 198011 0 0 0 0 0 0 0 0 0 0 0 0 0 0 0 0 0 0
1398294956 0 216473 0 0 0 0 0 0 0 0 0 0 0 0 0 0 0 0 0 0
1398697969 0 217343 0 0 0 0 0 0 0 0 0 0 0 0 0 0 0 0 0 0
1398779351 0 217344 0 0 0 0 0 0 0 0 0 0 0 0 0 0 0 0 0 0
1398859417 0 217345 0 0 0 0 0 0 0 0 0 0 0 0 0 0 0 0 0 0
1398937913 0 217363 0 0 0 0 0 0 5 0 0 0 0 0 0 0 0 0 0 0
1399189278 0 217368 0 0 0 0 0 0 5 0 0 0 0 0 0 0 0 0 0 0
1399189352 0 217369 0 0 0 0 0 0 5 0 0 0 0 0 0 0 0 0 0 0
1399189478 0 217370 0 0 0 0 0 0 5 0 0 0 0 0 0 0 0 0 0 0
1399189600 0 217373 0 0 0 0 0 0 5 0 0 0 0 0 0 0 0 0 0 0
1399263915 0 217374 0 0 0 0 0 0 5 0 0 0 0 0 0 0 0 0 0 0
1399264069 0 217376 0 0 0 0 0 0 5 0 0 0 0 0 0 0 0 0 0 0
1399264167 0 217376 0 0 0 0 0 0 5 0 0 0 0 0 0 0 0 0 0 0
1399264249 0 217376 0 0 0 0 0 0 5 0 0 0 0 0 0 0 0 0 0 0
1399264352 0 217377 0 0 0 0 0 0 6 0 0 0 0 0 0 0 0 0 0 0
1399265326 0 217413 0 0 0 0 0 0 6 0 0 0 0 0 0 0 0 0 0 0
1399265378 0 217414 0 0 0 0 0 0 6 0 0 0 0 0 0 0 0 0 0 0
1399267167 0 217488 0 0 0 0 0 0 6 0 0 0 0 0 0 0 0 0 0 0
1399267401 0 217489 0 0 0 0 0 0 6 0 0 0 0 0 0 0 0 0 0 0
1399267580 0 217494 0 0 0 0 0 0 6 0 0 0 0 0 0 0 0 0 0 0
1399268369 0 217557 0 0 0 0 0 0 6 0 0 0 0 0 0 0 0 0 0 0
1399273404 0 217588 0 0 0 0 0 0 6 0 0 0 0 0 0 0 0 0 0 0
1399276934 0 217676 0 0 0 0 0 0 6 0 0 0 0 0 0 0 0 0 0 0
1399276952 0 217678 0 0 0 0 0 0 6 0 0 0 0 0 0 0 0 0 0 0
1399278558 0 217717 0 0 0 0 0 0 6 0 0 0 0 0 0 0 0 0 0 0
1399308864 0 217726 0 0 0 0 0 0 6 0 0 0 0 0 0 0 0 0 0 0
1399309566 0 217730 0 0 0 0 0 0 6 0 0 0 0 0 0 0 0 0 0 0
1399311571 0 217742 0 0 0 0 0 0 6 0 0 0 0 0 0 0 0 0 0 0
1399311736 0 217743 0 0 0 0 0 0 6 0 0 0 0 0 0 0 0 0 0 0
1399312040 0 217745 0 0 0 0 0 0 6 0 0 0 0 0 0 0 0 0 0 0
1399312201 0 217748 0 0 0 0 0 0 6 0 0 0 0 0 0 0 0 0 0 0
1399358185 0 217766 0 0 0 0 0 0 6 0 0 0 0 0 0 0 0 0 0 0
1399358608 0 217769 0 0 0 0 0 0 6 0 0 0 0 0 0 0 0 0 0 0
1399359793 0 217775 0 0 0 0 0 0 6 0 0 0 0 0 0 0 0 0 0 0
1399365392 0 217901 0 0 0 0 0 0 6 0 0 0 0 0 0 0 0 0 0 0
1399365439 0 217906 0 0 0 0 0 0 6 0 0 0 0 0 0 0 0 0 0 0
1399368139 0 217914 0 0 0 0 0 0 6 0 0 0 0 0 0 0 0 0 0 0
1399368575 0 217914 0 0 0 0 0 0 6 0 0 0 0 0 0 0 0 0 0 0
1399369016 0 217919 0 0 0 0 0 0 6 0 0 0 0 0 0 0 0 0 0 0
1399378591 0 218082 0 0 0 0 0 0 6 0 0 0 0 0 0 0 0 0 0 0
1399379574 0 218152 0 0 0 0 0 0 6 0 0 0 0 0 0 0 0 0 0 0
1399380016 0 218154 0 0 0 0 0 0 6 0 0 0 0 0 0 0 0 0 0 0
1399380167 0 218155 0 0 0 0 0 0 6 0 0 0 0 0 0 0 0 0 0 0
1399381143 0 218169 0 0 0 0 0 0 6 0 0 0 0 0 0 0 0 0 0 0
1399386323 0 218170 0 0 0 0 0 0 6 0 0 0 0 0 0 0 0 0 0 0
1399387248 0 218175 0 0 0 0 0 0 6 0 0 0 0 0 0 0 0 0 0 0
1399387861 0 218198 0 0 0 0 0 0 6 0 0 0 0 0 0 0 0 0 0 0
1399388713 0 218207 0 0 0 0 0 0 6 0 0 0 0 0 0 0 0 0 0 0
1399388846 0 218215 0 0 0 0 0 0 6 0 0 0 0 0 0 0 0 0 0 0
1399389095 0 218216 0 0 0 0 0 0 6 0 0 0 0 0 0 0 0 0 0 0
1399390307 0 218217 0 0 0 0 0 0 6 0 0 0 0 0 0 0 0 0 0 0
1399396457 0 218218 0 0 0 0 0 0 6 0 0 0 0 0 0 0 0 0 0 0
1399397009 0 218219 0 0 0 0 0 0 6 0 0 0 0 0 0 0 0 0 0 0
1399398234 0 218222 0 0 0 0 0 0 6 0 0 0 0 0 0 0 0 0 0 0
1399400929 0 220250 0 0 0 0 0 0 6 0 0 0 0 0 0 0 0 0 0 0
1399401617 0 220252 0 0 0 0 0 0 6 0 0 0 0 0 0 0 0 0 0 0
1399527343 0 220255 0 0 0 0 0 0 6 0 0 0 0 0 0 0 0 0 0 0
1399549059 0 220331 0 0 0 0 0 0 6 0 0 0 0 0 0 0 0 0 0 0
1399549307 0 220347 0 0 0 0 0 0 6 0 0 0 0 0 0 0 0 0 0 0
1399550353 0 220355 0 0 0 0 0 0 6 0 0 0 0 0 0 0 0 0 0 0
1399550448 0 220357 0 0 0 0 0 0 6 0 0 0 0 0 0 0 0 0 0 0
1399550486 0 220359 0 0 0 0 0 0 6 0 0 0 0 0 0 0 0 0 0 0
1399550554 0 220360 0 0 0 0 0 0 6 0 0 0 0 0 0 0 0 0 0 0
1399562834 0 220361 0 0 0 0 0 0 6 0 0 0 0 0 0 0 0 0 0 0
1399630564 0 220362 0 0 0 0 0 0 6 0 0 0 0 0 0 0 0 0 0 0
1399631403 0 220388 0 0 0 0 0 0 6 0 0 0 0 0 0 0 0 0 0 0
1399658676 0 220501 0 0 0 0 0 0 6 0 0 0 0 0 0 0 0 0 0 0
1399658823 0 220503 0 0 0 0 0 0 6 0 0 0 0 0 0 0 0 0 0 0
1399658917 0 220505 0 0 0 0 0 0 6 0 0 0 0 0 0 0 0 0 0 0
1399659228 0 220506 0 0 0 0 0 0 6 0 0 0 0 0 0 0 0 0 0 0
1400083047 0 220512 0 0 0 0 0 0 6 0 0 0 0 0 0 0 0 0 0 0
1400083404 0 220515 0 0 0 0 0 0 6 0 0 0 0 0 0 0 0 0 0 0
1400210752 0 220558 0 0 0 0 0 0 6 0 0 0 0 0 0 0 0 0 0 0
1400212168 0 220603 0 0 0 0 0 0 6 0 0 0 0 0 0 0 0 0 0 0
1400212430 0 220606 0 0 0 0 0 0 6 0 0 0 0 0 0 0 0 0 0 0
1400213815 0 220607 0 0 0 0 0 0 6 0 0 0 0 0 0 0 0 0 0 0
1400213844 0 220608 0 0 0 0 0 0 6 0 0 0 0 0 0 0 0 0 0 0
1400564269 0 220629 0 0 0 0 0 0 6 0 0 0 0 0 0 0 0 0 0 0
1400564477 0 220632 0 0 0 0 0 0 6 0 0 0 0 0 0 0 0 0 0 0
1400608604 0 220636 0 0 0 0 0 0 6 0 0 0 0 0 0 0 0 0 0 0
1400609701 0 220669 0 0 0 0 0 0 6 0 0 0 0 0 0 0 0 0 0 0
1400610672 0 220671 0 0 0 0 0 0 6 0 0 0 0 0 0 0 0 0 0 0
1400611011 0 220681 0 0 0 0 0 0 6 0 0 0 0 0 0 0 0 0 0 0
1400702941 0 220685 0 0 0 0 0 0 6 0 0 0 0 0 0 0 0 0 0 0
1400813927 0 220687 0 0 0 0 0 0 6 0 0 0 0 0 0 0 0 0 0 0
1400898723 0 220695 0 0 0 0 0 0 6 0 0 0 0 0 0 0 0 0 0 0
1401141336 0 220696 0 0 0 0 0 0 6 0 0 0 0 0 0 0 0 0 0 0
1401141488 0 220697 0 0 0 0 0 0 6 0 0 0 0 0 0 0 0 0 0 0
1401141534 0 220698 0 0 0 0 0 0 6 0 0 0 0 0 0 0 0 0 0 0
1401874837 0 220699 0 0 0 0 0 0 6 0 0 0 0 0 0 0 0 0 0 0
1401874916 0 220700 0 0 0 0 0 0 6 0 0 0 0 0 0 0 0 0 0 0
1402043962 0 220700 0 0 0 0 0 0 6 0 0 0 0 0 0 0 0 0 0 0
1402643106 0 422056 0 0 0 0 0 0 6 0 0 0 0 0 0 0 0 0 0 0
1403428314 0 992120 0 0 0 0 0 0 6 0 0 0 0 0 0 0 0 0 0 0
1403627257 0 995357 0 0 0 0 0 0 6 0 0 0 0 0 0 0 0 0 0 0
1403627699 0 1374624 0 0 0 0 0 0 6 0 0 0 0 0 0 0 0 0 0 0
1403802324 0 1384703 0 0 0 0 0 0 6 0 0 0 0 0 0 0 0 0 0 0
1403806207 0 1384703 0 0 0 0 0 0 6 0 0 0 0 0 0 0 0 0 0 0
1403902449 0 1384703 11 0 0 0 0 0 6 0 0 0 0 0 0 0 0 0 0 0
1404078703 2 1384703 11 0 0 0 0 0 6 0 0 0 0 0 0 0 0 0 0 0
1404079298 2 1384706 11 0 0 0 0 0 6 0 0 0 0 0 0 0 0 0 0 0
1404079529 3 1384706 11 0 0 0 0 0 6 0 0 0 0 0 0 0 0 0 0 0
1404079857 3 1384706 11 0 0 0 0 0 6 0 0 0 0 0 0 0 0 0 0 0
1404080345 4 1384706 11 0 0 0 0 0 6 0 0 0 0 0 0 0 0 0 0 0
1404080507 14 1384706 11 0 0 0 0 0 6 0 0 0 0 0 0 0 0 0 0 0
1404081150 16 1384706 11 0 0 0 0 0 6 0 0 0 0 0 0 0 0 0 0 0
1404578146 18 1384706 11 0 0 0 0 0 6 0 0 0 0 0 0 0 0 0 0 0
1407042662 20 1384706 11 0 0 0 0 0 6 0 0 0 0 0 0 0 0 0 0 0
1407043087 28 1384706 11 0 0 0 0 0 6 0 0 0 0 0 0 0 0 0 0 0
1407166555 30 1384706 11 0 0 0 0 0 6 0 0 0 0 0 0 0 0 0 0 0
1409048004 30 1384706 11 0 5 0 0 0 6 0 0 0 0 0 0 0 0 0 0 0
1409048113 30 1384706 11 0 1939 0 0 0 6 0 0 0 0 0 0 0 0 0 0 0
1409050055 30 1384706 11 0 1942 0 0 0 6 0 0 0 0 0 0 0 0 0 0 0
1409052757 30 1384706 11 0 1943 0 0 0 6 0 0 0 0 0 0 0 0 0 0 0
1409054415 30 1384706 11 0 1944 0 0 0 6 0 0 0 0 0 0 0 0 0 0 0
1409054512 30 1384706 11 0 1945 0 0 0 6 0 0 0 0 0 0 0 0 0 0 0
1409054770 30 1384706 11 0 1950 0 0 0 6 0 0 0 0 0 0 0 0 0 0 0
1409054892 30 1384706 11 0 1951 0 0 0 6 0 0 0 0 0 0 0 0 0 0 0
1409081325 30 1384706 11 0 1955 0 0 0 6 0 0 0 0 0 0 0 0 0 0 0
1409416894 31 1384706 11 0 1955 0 0 0 6 0 0 0 0 0 0 0 0 0 0 0
1410596193 32 1384706 11 0 1955 0 0 0 6 0 0 0 0 0 0 0 0 0 0 0
1413954712 33 1384706 11 0 1955 0 0 0 6 0 0 0 0 0 0 0 0 0 0 0
1414581818 33 1384707 11 0 1955 0 0 0 6 0 0 0 0 0 0 0 0 0 0 0
1415636071 33 1384708 11 0 1955 0 0 0 6 0 0 0 0 0 0 0 0 0 0 0
1415637796 33 1384709 11 0 1955 0 0 0 6 0 0 0 0 0 0 0 0 0 0 0
1415875079 33 1384709 11 0 1955 0 0 0 6 0 0 0 0 0 0 0 1 0 0 0
1416074347 34 1384709 11 0 1955 0 0 0 6 0 0 0 0 0 0 0 1 0 0 0
1416074365 35 1384709 11 0 1955 0 0 0 6 0 0 0 0 0 0 0 1 0 0 0
1417891275 35 1384709 11 89 1955 0 0 0 6 0 0 0 0 0 0 0 1 0 0 0
1417921793 35 1384711 11 89 1955 0 0 0 6 0 0 0 0 0 0 0 1 0 0 0
1417922198 35 1384712 11 89 1955 0 0 0 6 0 0 0 0 0 0 0 1 0 0 0
1417966497 35 1384712 11 90 1955 0 0 0 6 0 0 0 0 0 0 0 1 0 0 0
1417968035 35 1384712 11 98 1955 0 0 0 6 0 0 0 0 0 0 0 1 0 0 0
1418169740 35 1384712 11 99 1955 0 0 0 6 0 0 0 0 0 0 0 1 0 0 0
1418169991 35 1384712 11 100 1955 0 0 0 6 0 0 0 0 0 0 0 1 0 0 0
1418176223 35 1384712 11 258 1955 0 0 0 6 0 0 0 0 0 0 0 1 0 0 0
1418177857 35 1384712 11 268 1955 0 0 0 6 0 0 0 0 0 0 0 1 0 0 0
1418178726 35 1384712 11 269 1955 0 0 0 6 0 0 0 0 0 0 0 1 0 0 0
1418493945 35 1384712 11 283 1955 0 0 0 6 0 0 0 0 0 0 0 1 0 0 0
1418659282 39 1384712 11 283 1955 0 0 0 6 0 0 0 0 0 0 0 1 0 0 0
1418767703 39 1384715 11 283 1955 0 0 0 6 0 0 0 0 0 0 0 1 0 0 0
1418768502 39 1384716 11 283 1955 0 0 0 6 0 0 0 0 0 0 0 1 0 0 0
1418768831 39 1384718 11 283 1955 0 0 0 6 0 0 0 0 0 0 0 1 0 0 0
1418773835 39 1384719 11 283 1955 0 0 0 6 0 0 0 0 0 0 0 1 0 0 0
1418811619 39 1384723 11 283 1955 0 0 0 6 0 0 0 0 0 0 0 1 0 0 0
1418958837 39 1384728 11 283 1955 0 0 0 6 0 0 0 0 0 0 0 1 0 0 0
1419654313 40 1384729 11 283 1955 0 0 0 6 0 0 0 0 0 0 0 1 0 0 0
1419935240 40 1384729 11 283 1955 0 0 0 6 0 4 0 0 0 0 0 1 0 0 0
1419936692 40 1384729 11 283 1955 0 0 0 6 0 19 0 0 0 0 0 1 0 0 0
1419957355 40 1384729 11 283 1955 0 0 0 6 0 19 0 0 0 0 0 1 0 0 0
1420903401 40 1384729 11 289 1955 0 0 0 6 0 19 0 0 0 0 0 1 0 0 0
1422461945 41 1384729 11 289 1955 0 0 0 6 0 19 0 0 0 0 0 1 0 0 0
1422462007 41 1384729 11 289 1955 0 0 0 6 0 19 0 0 0 0 0 1 0 0 0
1422462055 41 1384729 11 289 1955 0 0 0 6 0 19 0 0 0 0 0 1 0 0 0
1422480459 41 1384729 12 289 1955 0 0 0 6 0 19 0 0 0 0 0 1 0 0 0
1423210566 41 1384729 12 289 1955 0 0 0 6 0 19 0 0 0 0 0 1 0 0 0
1423210600 41 1384729 12 289 1955 0 0 0 6 0 19 0 0 0 0 0 1 0 0 0
1423271803 41 1384729 29 289 1955 0 0 0 6 0 19 0 0 0 0 0 1 0 0 0
1423551069 42 1384729 29 289 1955 0 0 0 6 0 19 0 0 0 0 0 1 0 0 0
1423557578 43 1384729 29 289 1955 0 0 0 6 0 19 0 0 0 0 0 1 0 0 0
1423557951 44 1384729 29 289 1955 0 0 0 6 0 19 0 0 0 0 0 1 0 0 0
1423775324 44 1384729 64 289 1955 0 0 0 6 0 19 0 0 0 0 0 1 0 0 0
1424051602 44 1384737 64 289 1955 0 0 0 6 0 19 25 0 0 0 0 1 0 0 0
1424284517 44 1384737 64 291 1955 0 0 0 6 0 19 25 0 0 0 0 1 0 0 0
1424285083 44 1384737 64 292 1955 0 0 0 6 0 19 25 0 0 0 0 1 0 0 0
1424854594 44 1384737 64 295 1955 0 0 0 6 0 19 25 0 0 0 0 1 0 0 0
1426533945 48 1384737 64 295 1955 0 0 0 6 0 19 25 0 0 0 0 1 0 0 0
1426534643 69 1384737 64 295 1955 0 0 0 6 0 19 25 0 0 0 0 1 0 0 0
1426534770 69 1384737 64 295 1955 0 0 0 6 0 19 25 0 0 0 0 1 0 0 0
1426534836 73 1384737 64 295 1955 0 0 0 6 0 19 25 0 0 0 0 1 0 0 0
1426537748 74 1384737 64 295 1955 0 0 0 6 0 19 25 0 0 0 0 1 0 0 0
1426537914 76 1384737 64 295 1955 0 0 0 6 0 19 25 0 0 0 0 1 0 0 0
1426546328 76 1384737 64 295 1955 0 0 0 6 0 19 25 0 0 0 0 1 0 0 0
1426546594 77 1384737 64 295 1955 0 0 0 6 0 19 25 0 0 0 0 1 0 0 0
1426554270 78 1384737 64 295 1955 0 0 0 6 0 19 25 0 0 0 0 1 0 0 0
1428255410 84 1384737 64 295 1955 0 0 0 6 0 19 25 0 0 0 0 1 0 0 0
1428255736 89 1384737 64 295 1955 0 0 0 6 0 19 25 0 0 0 0 1 0 0 0
1429085637 90 1384737 64 295 1955 0 0 0 6 0 19 25 0 0 0 0 1 0 0 0
1429169403 99 1384737 64 295 1955 0 0 0 6 0 19 25 0 0 0 0 1 0 0 0
1429173721 106 1384737 64 295 1955 0 0 0 6 0 19 25 0 0 0 0 1 0 0 0
1429178489 109 1384737 64 295 1955 0 0 0 6 0 19 25 0 0 0 0 1 0 0 0
1429178919 112 1384737 64 295 1955 0 0 0 6 0 19 25 0 0 0 0 1 0 0 0
1429178993 116 1384737 64 295 1955 0 0 0 6 0 19 25 0 0 0 0 1 0 0 0
1429183431 188 1384737 64 295 1955 0 0 0 6 0 19 25 0 0 0 0 1 0 0 0
1429183468 194 1384737 64 295 1955 0 0 0 6 0 19 25 0 0 0 0 1 0 0 0
1429183539 195 1384737 64 295 1955 0 0 0 6 0 19 25 0 0 0 0 1 0 0 0
1429183862 196 1384737 64 295 1955 0 0 0 6 0 19 25 0 0 0 0 1 0 0 0
1429184027 196 1384737 64 295 1955 0 0 0 6 0 19 25 0 0 0 0 1 0 0 0
1429184282 197 1384737 64 295 1955 0 0 0 6 0 19 25 0 0 0 0 1 0 0 0
1429184414 200 1384737 64 295 1955 0 0 0 6 0 19 25 0 0 0 0 1 0 0 0
1429950505 3079322 1384737 64 295 1955 0 0 0 6 0 19 25 0 0 0 0 1 0 0 0
1429951493 3079323 1384737 64 295 1955 0 0 0 6 0 19 25 0 0 0 0 1 0 0 0
1429951509 3079324 1384737 64 295 1955 0 0 0 6 0 19 25 0 0 0 0 1 0 0 0
1429953182 3079326 1384737 64 295 1955 0 0 0 6 0 19 25 0 0 0 0 1 0 0 0
1430036884 3079326 1384737 64 295 1955 0 0 0 6 0 19 25 0 0 0 0 1 0 0 0
1430118369 3079326 1384737 64 295 1955 2 0 0 6 0 19 25 0 0 0 0 1 0 0 0
1430120130 3079326 1384737 64 295 1955 31 0 0 6 0 19 25 0 0 0 0 1 0 0 0
1430159872 3079326 1384737 64 295 1955 31 0 0 6 0 19 25 0 0 0 0 1 0 0 0
1430159889 3079326 1384737 64 295 1955 31 0 0 6 0 19 25 0 0 0 0 1 0 0 0
1430160104 3079327 1384737 64 295 1955 31 0 0 6 0 19 25 0 0 0 0 1 0 0 0
1430173308 3079327 1384737 64 295 1955 31 0 0 6 0 19 25 0 0 0 0 1 0 0 0
1430371556 3079327 1384737 64 295 1955 32 0 0 6 0 19 25 0 0 0 0 1 0 0 0
1430372072 3079327 1384737 64 295 1955 32 0 0 6 0 19 25 0 0 0 0 1 0 0 0
1430466706 3079328 1384737 64 295 1955 32 0 0 6 0 19 25 0 0 0 0 1 0 0 0
1430468048 3079328 1384737 64 295 1955 32 0 0 6 0 19 25 0 0 0 0 1 0 0 0
1430468094 3079329 1384737 64 295 1955 32 0 0 6 0 19 25 0 0 0 0 1 0 0 0
1430468518 3079329 1384737 64 295 1955 32 0 0 6 0 19 25 0 0 0 0 1 0 0 0
1430469131 3079330 1384737 64 295 1955 32 0 0 6 0 19 25 0 0 0 0 1 0 0 0
1430469822 3079337 1384737 64 295 1955 32 0 0 6 0 19 25 0 0 0 0 1 0 0 0
1430469855 3079338 1384737 64 295 1955 32 0 0 6 0 19 25 0 0 0 0 1 0 0 0
1430469938 3079340 1384737 64 295 1955 32 0 0 6 0 19 25 0 0 0 0 1 0 0 0
1430469979 3079340 1384737 64 295 1955 32 0 0 6 0 19 25 0 0 0 0 1 0 0 0
1430699418 3079344 1384737 64 295 1955 32 0 0 6 0 19 25 0 0 0 0 1 0 0 0
1430699905 3079355 1384737 64 295 1955 32 0 0 6 0 19 25 0 0 0 0 1 0 0 0
1430699968 3079359 1384737 64 295 1955 32 0 0 6 0 19 25 0 0 0 0 1 0 0 0
1430700226 3079369 1384737 64 295 1955 32 0 0 6 0 19 25 0 0 0 0 1 0 0 0
1430709029 3079374 1384737 64 295 1955 32 0 0 6 0 19 25 0 0 0 0 1 0 0 0
1430709678 3079379 1384737 64 295 1955 32 0 0 6 0 19 25 0 0 0 0 1 0 0 0
1430711727 3079379 1384737 64 295 1955 32 0 0 6 0 19 25 0 0 0 0 1 0 0 0
1430711768 3079405 1384737 64 295 1955 32 0 0 6 0 19 25 0 0 0 0 1 0 0 0
1430711920 3079414 1384737 64 295 1955 32 0 0 6 0 19 25 0 0 0 0 1 0 0 0
1430712143 3079415 1384737 64 295 1955 32 0 0 6 0 19 25 0 0 0 0 1 0 0 0
1430713614 3079421 1384737 64 295 1955 32 0 0 6 0 19 25 0 0 0 0 1 0 0 0
1430724161 3079422 1384737 64 295 1955 32 0 0 6 0 19 25 0 0 0 0 1 0 0 0
1430725219 3079423 1384737 64 295 1955 32 0 0 6 0 19 25 0 0 0 0 1 0 0 0
1430728235 3079462 1384737 64 295 1955 32 0 0 6 0 19 25 0 0 0 0 1 0 0 0
1430730184 3079463 1384737 64 295 1955 32 0 0 6 0 19 25 0 0 0 0 1 0 0 0
1430730288 3079463 1384737 64 295 1955 32 0 0 6 0 19 25 0 0 0 0 1 0 0 0
1430756262 3079465 1384737 64 295 1955 32 0 0 6 0 19 25 0 0 0 0 1 0 0 0
1430756283 3079470 1384737 64 295 1955 32 0 0 6 0 19 25 0 0 0 0 1 0 0 0
1430757404 3079473 1384737 64 295 1955 32 0 0 6 0 19 25 0 0 0 0 1 0 0 0
1430817347 3079473 1384737 64 295 1955 32 0 0 6 0 19 25 0 0 0 0 1 0 0 0
1430817457 3079969 1384737 64 295 1955 32 0 0 6 0 19 25 0 0 0 0 1 0 0 0
1430831044 3079971 1384737 64 295 1955 32 0 0 6 0 19 25 0 0 0 0 1 0 0 0
1430831119 3079973 1384737 64 295 1955 32 0 0 6 0 19 25 0 0 0 0 1 0 0 0
1431025888 3079974 1384737 64 295 1955 32 0 0 6 0 19 25 0 0 0 0 1 0 0 0
1431496567 3079974 1384738 64 295 1955 32 0 0 6 0 19 25 0 0 0 0 1 0 0 0
1431496593 3079974 1384741 64 295 1955 32 0 0 6 0 19 25 0 0 0 0 1 0 0 0
1431497832 3079974 1384747 64 295 1955 32 0 0 6 0 19 25 0 0 0 0 1 0 0 0
1431497900 3079974 1384754 64 295 1955 32 0 0 6 0 19 25 0 0 0 0 1 0 0 0
1431497933 3079974 1384755 64 295 1955 32 0 0 6 0 19 25 0 0 0 0 1 0 0 0
1431498046 3079974 1384757 64 295 1955 32 0 0 6 0 19 25 0 0 0 0 1 0 0 0
1431498229 3079977 1384758 64 295 1955 32 0 0 6 0 19 25 0 0 0 0 1 0 0 0
1431863868 3079987 1384758 64 295 1955 32 0 0 6 0 19 25 0 0 0 0 1 0 0 0
1431863883 3080482 1384758 64 295 1955 32 0 0 6 0 19 25 0 0 0 0 1 0 0 0
1431864545 3080486 1384758 64 295 1955 32 0 0 6 0 19 25 0 0 0 0 1 0 0 0
1431877663 3080487 1384758 64 295 1955 32 0 0 6 0 19 25 0 0 0 0 1 0 0 0
1431944714 3080487 1384758 64 295 1955 32 0 0 6 0 19 25 0 0 0 0 1 0 0 0
1431944758 3080488 1384758 64 295 1955 32 0 0 6 0 19 25 0 0 0 0 1 0 0 0
1431965828 3080491 1384758 64 295 1955 32 0 0 6 0 19 25 0 0 0 0 1 0 0 0
1432007836 3080491 1384763 64 295 1955 32 0 0 6 0 19 25 0 0 0 0 1 0 0 0
1432008058 3080491 1384849 64 295 1955 32 0 0 6 0 19 25 0 0 0 0 1 0 0 0
1432025223 3080491 1384875 64 295 1955 32 0 0 6 0 19 25 0 0 0 0 1 0 0 0
1432025844 3080491 1384876 64 295 1955 32 0 0 6 0 19 25 0 0 0 0 1 0 0 0
1432026468 3080492 1384876 64 295 1955 32 0 0 6 0 19 25 0 0 0 0 1 0 0 0
1432031286 3080492 1384876 64 295 1955 32 0 0 6 0 19 25 0 0 0 0 1 0 0 0
1432067400 3080492 1384876 207 295 1955 32 0 0 6 0 19 25 0 0 0 0 1 0 0 0
1432128860 3080493 1384876 207 295 1955 32 0 0 6 0 19 25 0 0 0 0 1 0 0 0
1432130447 3080493 1384877 207 295 1955 32 0 0 6 0 19 25 0 0 0 0 1 0 0 0
1432146208 3080493 1384877 208 295 1955 32 0 0 6 0 19 25 0 0 0 0 1 0 0 0
1432146421 3080493 1384877 210 295 1955 32 0 0 6 0 19 25 0 0 0 0 1 0 0 0
1432151507 3080493 1384877 213 295 1955 32 0 0 6 0 19 25 0 0 0 0 1 0 0 0
1432151726 3080493 1384877 213 295 1955 32 0 0 6 0 19 25 0 0 0 0 1 0 0 0
1432152214 3080493 1384877 214 295 1955 32 0 0 6 0 19 25 0 0 0 0 1 0 0 0
1432153970 3080493 1384877 215 295 1955 32 0 0 6 0 19 25 0 0 0 0 1 0 0 0
1432225514 3080494 1384877 215 295 1955 32 0 0 6 0 19 25 0 0 0 0 1 0 0 0
1432460387 3080494 1384877 215 295 1955 32 0 0 6 0 19 25 0 0 0 0 1 0 0 0
1432460410 3080495 1384877 215 295 1955 32 0 0 6 0 19 25 0 0 0 0 1 0 0 0
1432506182 3080495 1384877 217 295 1955 32 0 0 6 0 19 25 0 0 0 0 1 0 0 0
1432506745 3080495 1384877 217 295 1955 32 0 0 6 0 19 25 0 0 0 0 1 0 0 0
1432507764 3080495 1384877 217 295 1955 32 0 0 6 0 19 25 0 0 0 0 1 0 0 0
1432523290 3080495 1384877 268 295 1955 32 0 0 6 0 19 25 0 0 0 0 1 0 0 0
1432535261 3080495 1384877 269 295 1955 32 0 0 6 0 19 25 0 0 0 0 1 0 0 0
1432536338 3080495 1384877 270 295 1955 32 0 0 6 0 19 25 0 0 0 0 1 0 0 0
1432581198 3080495 1384877 271 295 1955 32 0 0 6 0 19 25 0 0 0 0 1 0 0 0
1432588561 3080495 1384877 271 295 1955 32 0 0 6 0 19 25 0 0 0 0 1 0 0 0
1432589142 3080495 1384877 273 295 1955 32 0 0 6 0 19 25 0 0 0 0 1 0 0 0
1432594767 3080495 1385034 273 295 1955 32 0 0 6 0 19 25 0 0 0 0 1 0 0 0
1432594827 3080495 1385034 273 295 1955 32 0 0 6 0 19 25 0 0 0 0 1 0 0 0
1432595464 3080495 1385034 277 295 1955 32 0 0 6 0 19 25 0 0 0 0 1 0 0 0
1432597669 3080495 1385034 284 295 1955 32 0 0 6 0 19 25 0 0 0 0 1 0 0 0
1432598045 3080495 1385035 284 295 1955 32 0 0 6 0 19 25 0 0 0 0 1 0 0 0
1432598165 3080495 1385035 284 295 1955 32 0 0 6 0 19 25 0 0 0 0 1 0 0 0
1432598405 3080495 1385036 284 295 1955 32 0 0 6 0 19 25 0 0 0 0 1 0 0 0
1432604482 3080529 1385036 284 295 1955 32 0 0 6 0 19 25 0 0 0 0 1 0 0 0
1432605119 3080530 1385036 284 295 1955 32 0 0 6 0 19 25 0 0 0 0 1 0 0 0
1432605754 3080530 1385036 285 295 1955 32 0 0 6 0 19 25 0 0 0 0 1 0 0 0
1432605857 3080574 1385036 285 295 1955 32 0 0 6 0 19 25 0 0 0 0 1 0 0 0
1432606094 3080574 1385036 285 295 1955 32 0 0 6 0 19 25 0 0 0 0 1 0 0 0
1432606746 3080574 1385036 288 295 1955 32 0 0 6 0 19 25 0 0 0 0 1 0 0 0
1432607516 3080574 1385036 294 295 1955 32 0 0 6 0 19 25 0 0 0 0 1 0 0 0
1432607718 3080574 1385036 299 295 1955 32 0 0 6 0 19 25 0 0 0 0 1 0 0 0
1432607904 3080574 1385036 301 295 1955 32 0 0 6 0 19 25 0 0 0 0 1 0 0 0
1432611102 3080574 1385036 312 295 1955 32 0 0 6 0 19 25 0 0 0 0 1 0 0 0
1432613518 3080574 1385036 313 295 1955 32 0 0 6 0 19 25 0 0 0 0 1 0 0 0
1432621798 3080574 1385036 317 295 1955 32 0 0 6 0 19 25 0 0 0 0 1 0 0 0
1432624581 3080574 1385036 328 295 1955 32 0 0 6 0 19 25 0 0 0 0 1 0 0 0
1432626082 3080574 1385036 346 295 1955 32 0 0 6 0 19 25 0 0 0 0 1 0 0 0
1432629720 3080574 1385036 350 295 1955 32 0 0 6 0 19 25 0 0 0 0 1 0 0 0
1432636677 3080575 1385036 350 295 1955 32 0 0 6 0 19 25 0 0 0 0 1 0 0 0
1432636807 3080578 1385036 350 295 1955 32 0 0 6 0 19 25 0 0 0 0 1 0 0 0
1432638902 3080579 1385036 350 295 1955 32 0 0 6 0 19 25 0 0 0 0 1 0 0 0
1432671870 3080579 1385073 350 295 1955 32 0 0 6 0 19 25 0 0 0 0 1 0 0 0
1432812209 3080580 1385073 350 295 1955 32 0 0 6 0 19 25 0 0 0 0 1 0 0 0
1432834982 3080581 1385073 350 295 1955 32 0 0 6 0 19 25 0 0 0 0 1 0 0 0
1432835607 3080582 1385073 350 295 1955 32 0 0 6 0 19 25 0 0 0 0 1 0 0 0
1433006853 3080585 1385073 350 295 1955 32 0 0 6 0 19 25 0 0 0 0 1 0 0 0
1433008151 3080586 1385073 350 295 1955 32 0 0 6 0 19 25 0 0 0 0 1 0 0 0
1433008171 3080588 1385073 350 295 1955 32 0 0 6 0 19 25 0 0 0 0 1 0 0 0
1433008544 3080588 1385073 350 295 1955 32 0 0 6 0 19 25 0 0 0 0 1 0 0 0
1433008729 3080589 1385073 350 295 1955 32 0 0 6 0 19 25 0 0 0 0 1 0 0 0
1433010087 3080591 1385073 350 295 1955 32 0 0 6 0 19 25 0 0 0 0 1 0 0 0
1433016085 3080601 1385073 350 295 1955 32 0 0 6 0 19 25 0 0 0 0 1 0 0 0
1433052362 3080601 1385603 350 295 1955 32 0 0 6 0 19 25 0 0 0 0 1 0 0 0
1433052496 3080601 1385603 350 295 1955 32 0 0 6 0 19 25 0 0 0 0 1 0 0 0
1433052577 3080601 1385604 350 295 1955 32 0 0 6 0 19 25 0 0 0 0 1 0 0 0
1433052840 3080601 1385604 351 295 1955 32 0 0 6 0 19 25 0 0 0 0 1 0 0 0
1433053077 3080601 1385604 356 295 1955 32 0 0 6 0 19 25 0 0 0 0 1 0 0 0
1433053153 3080601 1385604 356 295 1955 32 0 0 6 0 19 25 0 0 0 0 1 0 0 0
1433053560 3080601 1385604 358 295 1955 32 0 0 6 0 19 25 0 0 0 0 1 0 0 0
1433057288 3080601 1385604 424 295 1955 32 0 0 6 0 19 25 0 0 0 0 1 0 0 0
1433182100 3080604 1385604 424 295 1955 32 0 0 6 0 19 25 0 0 0 0 1 0 0 0
1433182123 3080605 1385604 424 295 1955 32 0 0 6 0 19 25 0 0 0 0 1 0 0 0
1433182510 3080611 1385604 424 295 1955 32 0 0 6 0 19 25 0 0 0 0 1 0 0 0
1433183832 3080612 1385604 424 295 1955 32 0 0 6 0 19 25 0 0 0 0 1 0 0 0
1433192348 3082562 1385604 424 295 1955 32 0 0 6 0 19 25 0 0 0 0 1 0 0 0
1433194520 3082563 1385604 424 295 1955 32 0 0 6 0 19 25 0 0 0 0 1 0 0 0
1433196440 3082563 1385604 424 295 1955 32 0 0 6 0 19 25 0 0 0 0 1 0 0 0
1433198332 3082564 1385604 424 295 1955 32 0 0 6 0 19 25 0 0 0 0 1 0 0 0
1434020024 3082564 1385674 424 295 1955 32 0 0 6 0 19 25 0 0 0 0 1 0 0 0
1434024973 3082564 1385674 424 295 1955 32 0 0 6 0 19 25 0 0 0 0 1 0 0 0
1434026154 3084698 1385675 424 295 1955 32 0 0 6 0 19 25 0 0 0 0 1 0 0 0
1434036870 3084698 1385678 424 295 1955 32 0 0 6 0 19 25 0 0 0 0 1 0 0 0
1434036919 3084698 1385679 424 295 1955 32 0 0 6 0 19 25 0 0 0 0 1 0 0 0
1434038221 3084698 1385680 424 295 1955 32 0 0 6 0 19 25 0 0 0 0 1 0 0 0
1434038716 3084698 1385680 424 295 1955 32 0 0 6 0 19 25 0 0 0 0 1 0 0 0
1434124135 3084969 1385708 424 295 1955 32 0 0 6 0 19 25 0 0 0 0 1 0 0 0
1434126900 3084969 1385792 424 295 1955 32 0 0 6 0 19 25 0 0 0 0 1 0 0 0
1434126972 3084969 1385792 424 295 1955 32 0 0 6 0 19 25 0 0 0 0 1 0 0 0
1434127638 3084969 1385804 424 295 1955 32 0 0 6 0 19 25 0 0 0 0 1 0 0 0
1434127752 3084969 1385807 424 295 1955 32 0 0 6 0 19 25 0 0 0 0 1 0 0 0
1434128167 3084969 1385809 424 295 1955 32 0 0 6 0 19 25 0 0 0 0 1 0 0 0
1434130474 3084969 1385810 424 295 1955 32 0 0 6 0 19 25 0 0 0 0 1 0 0 0
1434135017 3084969 1385810 426 295 1955 32 0 0 6 0 19 25 0 0 0 0 1 0 0 0
1434136443 3084969 1385812 426 295 1955 32 0 0 6 0 19 25 0 0 0 0 1 0 0 0
1434136536 3084969 1385812 426 295 1955 32 0 0 6 0 19 25 0 0 0 0 1 0 0 0
1434138173 3084969 1385812 429 295 1955 32 0 0 6 0 19 25 0 0 0 0 1 0 0 0
1434141171 3084969 1385812 438 295 1955 32 0 0 6 0 19 25 0 0 0 0 1 0 0 0
1434141298 3084969 1385812 446 295 1955 32 0 0 6 0 19 25 0 0 0 0 1 0 0 0
1434142292 3084969 1385812 457 295 1955 32 0 0 6 0 19 25 0 0 0 0 1 0 0 0
1434154709 3084969 1385816 457 295 1955 32 0 0 6 0 19 25 0 0 0 0 1 0 0 0
1434154714 3084969 1385816 457 295 1955 32 0 0 6 0 19 25 0 0 0 0 1 0 0 0
1434156049 3084969 1385954 489 295 1955 32 0 0 6 0 19 25 0 0 0 0 1 0 0 0
1434157953 3084969 1385954 494 295 1955 32 0 0 6 0 19 25 0 0 0 0 1 0 0 0
1434158438 3084969 1385954 499 295 1955 32 0 0 6 0 19 25 0 0 0 0 1 0 0 0
1434416599 3084969 1385963 499 295 1955 32 0 0 6 0 19 25 0 0 0 0 1 0 0 0
1434416804 3084969 1385963 499 295 1955 32 0 0 6 0 19 25 0 0 0 0 1 0 0 0
1434612633 3084969 1385963 506 295 1955 32 0 0 6 0 19 25 0 0 0 0 1 0 0 0
1435717423 3084970 1385963 506 295 1955 32 0 0 6 0 19 25 0 0 0 0 1 0 0 0
1435793425 3084970 1385963 506 295 1955 32 0 0 6 0 19 25 0 0 0 0 1 0 4 0
1435868987 3084970 1385963 506 295 1955 32 0 0 6 0 19 25 0 0 0 0 1 0 4 0
1436250749 3084971 1385963 506 295 1955 32 0 0 6 0 19 25 0 0 0 0 1 0 4 0
1436338258 3084975 1385963 506 295 1955 32 0 0 6 0 19 25 0 0 0 0 1 0 4 0
1436515024 3084976 1385963 506 295 1955 32 0 0 6 0 19 25 0 0 0 0 1 0 4 0
1436648765 3084977 1385963 506 295 1955 32 0 0 6 0 19 25 0 0 0 0 1 0 4 0
1437337196 3085032 1385963 506 295 1955 32 0 0 6 0 19 25 0 0 0 0 1 0 4 0
1437487286 3085033 1385963 506 295 1955 32 0 0 6 0 19 25 0 0 0 0 1 0 4 0
1437832174 3085034 1385963 506 295 1955 32 0 0 6 0 19 25 0 0 0 0 1 0 4 0
1437832603 3085035 1385963 506 295 1955 32 0 0 6 0 19 25 0 0 0 0 1 0 4 0
1437833074 3085037 1385963 506 295 1955 32 0 0 6 0 19 25 0 0 0 0 1 0 4 0
1437852342 3085037 1385963 507 295 1955 32 0 0 6 0 19 25 0 0 0 0 1 0 4 0
1437985034 3085042 1385963 507 295 1955 32 0 0 6 0 19 25 0 0 0 0 1 0 4 0
1438011237 3086850 1385963 507 295 1955 32 0 0 6 0 19 25 0 0 0 0 1 0 4 0
1438022002 3086858 1385963 507 295 1955 32 0 0 6 0 19 25 0 0 0 0 1 0 4 0
1438771199 3086862 1385963 507 295 1955 32 0 0 6 0 19 25 0 0 0 0 1 0 4 0
1438777009 3086863 1385963 507 295 1955 32 0 0 6 0 19 25 0 0 0 0 1 0 4 0
1438847662 3086864 1385963 507 295 1955 32 0 0 6 0 19 25 0 0 0 0 1 0 4 0
1438951560 3086865 1385963 507 295 1955 32 0 0 6 0 19 25 0 0 0 0 1 0 4 0
1438951700 3086866 1385963 507 295 1955 32 0 0 6 0 19 25 0 0 0 0 1 0 4 0
1439138157 3086866 1385963 507 306 1955 32 0 0 6 0 19 25 0 0 0 0 1 0 4 0
1439138456 3086866 1385963 507 306 1955 32 0 0 6 0 19 25 0 0 0 0 1 0 4 0
1439214774 3086867 1385963 507 306 1955 32 0 0 6 0 19 25 0 0 0 0 1 0 4 0
1439218540 3086869 1385963 507 306 1955 32 0 0 6 0 19 25 0 0 0 0 1 0 4 0
1440142811 3086869 1385963 507 312 1955 32 0 0 6 0 19 25 0 0 0 0 1 0 4 0
1440143434 3086869 1385963 507 312 1955 32 0 0 6 0 19 25 0 0 0 0 1 0 4 0
1441007975 3098837 1385963 507 312 1955 32 0 0 6 0 19 25 0 0 0 0 1 0 4 0
1441024672 3098838 1385963 507 312 1955 32 0 0 6 0 19 25 0 0 0 0 1 0 4 0
1441124646 3098839 1385963 507 312 1955 32 0 0 6 0 19 25 0 0 0 0 1 0 4 0
1441263743 3098840 1385963 507 312 1955 32 0 0 6 0 19 25 0 0 0 0 1 0 4 0
1441263827 3098841 1385963 507 312 1955 32 0 0 6 0 19 25 0 0 0 0 1 0 4 0
1441264133 3098842 1385963 507 312 1955 32 0 0 6 0 19 25 0 0 0 0 1 0 4 0
1441264330 3098843 1385963 507 312 1955 32 0 0 6 0 19 25 0 0 0 0 1 0 4 0
1441554396 3099161 1385963 507 312 1955 32 0 0 6 0 19 25 0 0 0 0 1 0 4 0
1441554461 3099166 1385963 507 312 1955 32 0 0 6 0 19 25 0 0 0 0 1 0 4 0
1441559986 3099192 1385963 507 312 1955 32 0 0 6 0 19 25 0 0 0 0 1 0 4 0
1441565519 3099193 1385963 507 312 1955 32 0 0 6 0 19 25 0 0 0 0 1 0 4 0
1441565526 3099196 1385963 507 312 1955 32 0 0 6 0 19 25 0 0 0 0 1 0 4 0
1441566374 3099197 1385963 507 312 1955 32 0 0 6 0 19 25 0 0 0 0 1 0 4 0
1441566518 3099198 1385963 507 312 1955 32 0 0 6 0 19 25 0 0 0 0 1 0 4 0
1441766396 3099199 1385963 507 312 1955 32 0 0 6 0 19 25 0 0 0 0 1 0 4 0
1441780587 3099201 1385963 507 312 1955 32 0 0 6 0 19 25 0 0 0 0 1 0 4 0
1441780883 3099203 1385963 507 312 1955 32 0 0 6 0 19 25 0 0 0 0 1 0 4 0
1441780996 3099204 1385963 507 312 1955 32 0 0 6 0 19 25 0 0 0 0 1 0 4 0
1441781149 3099206 1385963 507 312 1955 32 0 0 6 0 19 25 0 0 0 0 1 0 4 0
1442127154 3099210 1385963 507 312 1955 32 0 0 6 0 19 25 0 0 0 0 1 0 4 0
1442127252 3099211 1385963 507 312 1955 32 0 0 6 0 19 25 0 0 0 0 1 0 4 0
1442127374 3099215 1385963 507 312 1955 32 0 0 6 0 19 25 0 0 0 0 1 0 4 0
1442127539 3099216 1385963 507 312 1955 32 0 0 6 0 19 25 0 0 0 0 1 0 4 0
1442128628 3099224 1385963 507 312 1955 32 0 0 6 0 19 25 0 0 0 0 1 0 4 0
1442129137 3099229 1385963 507 312 1955 32 0 0 6 0 19 25 0 0 0 0 1 0 4 0
1442134405 3099230 1385963 507 312 1955 32 0 0 6 0 19 25 0 0 0 0 1 0 4 0
1442135962 3099260 1385963 507 312 1955 32 0 0 6 0 19 25 0 0 0 0 1 0 4 0
1442138548 3099260 1385963 507 347 1955 32 0 0 6 0 19 25 0 0 0 0 1 0 4 0
1442139577 3099260 1385963 507 347 1955 32 0 0 6 0 19 25 0 0 0 0 1 0 4 0
1442223107 3099281 1385963 507 347 1955 32 0 0 6 0 19 25 0 0 0 0 1 0 4 0
1442226196 3099281 1385963 507 389 1955 32 0 0 6 0 19 25 0 0 0 0 1 0 4 0
1442233894 3099281 1385963 507 389 1955 32 0 0 6 0 19 25 0 0 0 0 1 0 4 0
1442995625 3099282 1385963 507 389 1955 32 0 0 6 0 19 25 0 0 0 0 1 0 4 0
1442995865 3099289 1385963 507 389 1955 32 0 0 6 0 19 25 0 0 0 0 1 0 4 0
1442996081 3099290 1385963 507 389 1955 32 0 0 6 0 19 25 0 0 0 0 1 0 4 0
1443070335 3099291 1385963 507 389 1955 32 0 0 6 0 19 25 0 0 0 0 1 0 4 0
1443362507 3099303 1385963 507 389 1955 32 0 0 6 0 19 25 0 0 0 0 1 0 4 0
1443363199 3099303 1385963 507 389 1955 32 0 0 6 0 19 25 0 0 0 0 1 0 4 0
1443369926 3099304 1385963 507 389 1955 32 0 0 6 0 19 25 0 0 0 0 1 0 4 0
1443371261 3099304 1385963 507 389 1955 32 0 0 6 0 19 25 0 0 0 0 1 0 4 0
1443374583 3108525 1385963 507 389 1955 32 0 0 6 0 19 25 0 0 0 0 1 0 4 0
1443393361 3108920 1385963 507 389 1955 32 0 0 6 0 19 25 0 0 0 0 1 0 4 0
1443394126 3108929 1385963 507 389 1955 32 0 0 6 0 19 25 0 0 0 0 1 0 4 0
1443590044 3109193 1385963 507 389 1955 32 0 0 6 0 19 25 0 0 0 0 1 0 4 0
1443590177 3109558 1385963 507 389 1955 32 0 0 6 0 19 25 0 0 0 0 1 0 4 0
1443590535 3109559 1385963 507 389 1955 32 0 0 6 0 19 25 0 0 0 0 1 0 4 0
1443590556 3109560 1385963 507 389 1955 32 0 0 6 0 19 25 0 0 0 0 1 0 4 0
1443590570 3109563 1385963 507 389 1955 32 0 0 6 0 19 25 0 0 0 0 1 0 4 0
1443659231 3109564 1385963 507 389 1955 32 0 0 6 0 19 25 0 0 0 0 1 0 4 0
1443708818 3113621 1385963 507 389 1955 32 0 0 6 0 19 25 0 0 0 0 1 0 4 0
1443956808 3113622 1385963 507 389 1955 32 0 0 6 0 19 25 0 0 0 0 1 0 4 0
1444331392 3113622 1385963 507 400 1955 32 0 0 6 0 19 25 0 0 0 0 1 0 4 0
1444331529 3113622 1385963 507 400 1955 32 0 0 6 0 19 25 0 0 0 0 1 0 4 0
1444688498 3113622 1385963 513 400 1955 32 0 0 6 0 19 25 0 0 0 0 1 0 4 0
1444698529 3113622 1385963 513 400 1955 32 0 0 6 0 19 25 0 0 0 0 1 0 4 0
1444699594 3113622 1385963 521 400 1955 32 0 0 6 0 19 25 0 0 0 0 1 0 4 0
1444699640 3113622 1385963 521 400 1955 32 0 0 6 0 19 25 0 0 0 0 1 0 4 0
1444828612 3113623 1385963 521 400 1955 32 0 0 6 0 19 25 0 0 0 0 1 0 4 0
1445144985 3113623 1385963 528 400 1955 32 0 0 6 0 19 25 0 0 0 0 1 0 4 0
1445145958 3113623 1385963 530 400 1955 32 0 0 6 0 19 25 0 0 0 0 1 0 4 0
1445246917 3113624 1385963 530 400 1955 32 0 0 6 0 19 25 0 0 0 0 1 0 4 0
1445342209 3113625 1385963 530 400 1955 32 0 0 6 0 19 25 0 0 0 0 1 0 4 0
1445345534 3113635 1385963 530 400 1955 32 0 0 6 0 19 25 0 0 0 0 1 0 4 0
1445345577 3113635 1385963 530 400 1955 32 0 0 6 0 19 25 0 0 0 0 1 0 4 0
1446103266 3113647 1385963 530 400 1955 32 0 0 6 0 19 25 0 0 0 0 1 0 4 0
1446121659 3114735 1385963 530 400 1955 32 0 0 6 0 19 25 0 0 0 0 1 0 4 0
1446122874 3114736 1385963 530 400 1955 32 0 0 6 69 19 25 0 0 0 0 1 0 4 0
1446202918 3114742 1385963 530 400 1955 32 0 0 6 69 19 25 0 0 0 0 1 0 4 0
1446202969 3114748 1385963 530 400 1955 32 0 0 6 69 19 25 0 0 0 0 1 0 4 0
1446202989 3114749 1385963 530 400 1955 32 0 0 6 69 19 25 0 0 0 0 1 0 4 0
1446315813 3114749 1385963 530 400 1955 32 0 0 6 73 19 25 0 0 0 0 1 0 4 0
1446432314 3114749 1385963 530 400 1955 32 0 0 6 73 19 25 0 0 0 0 1 0 4 0
1446516049 3114749 1385963 530 400 1955 32 0 0 6 73 19 25 0 0 0 0 1 0 4 0
1446537875 3114749 1385963 530 400 1955 32 0 0 6 73 19 25 0 0 0 0 1 0 4 0
1446549440 3114750 1385963 530 400 1955 32 0 0 6 73 19 25 0 0 0 0 1 0 4 0
1446624688 3114751 1385963 530 400 1955 32 0 0 6 73 19 25 0 0 0 0 1 0 4 0
1446786444 3114752 1385963 530 400 1955 32 0 0 6 73 19 25 0 0 0 0 1 0 4 0
1446787435 3114753 1385963 530 400 1955 32 0 0 6 73 19 25 0 0 0 0 1 0 4 0
1446800740 3114754 1385963 530 400 1955 32 0 0 6 73 19 25 0 0 0 0 1 0 4 0
1446800760 3114782 1385963 530 400 1955 32 0 0 6 73 19 25 0 0 0 0 1 0 4 0
1446839670 3114782 1385963 548 400 1955 32 0 0 6 73 19 25 0 0 0 0 1 0 4 0
1447006816 3114782 1385963 548 400 1955 32 0 0 6 73 19 25 0 0 0 0 1 0 4 0
1447049823 3114783 1385963 548 400 1955 32 0 0 6 73 19 25 0 0 0 0 1 0 4 0
1447595212 3114784 1385963 548 400 1955 32 0 0 6 73 19 25 0 0 0 0 1 0 4 0
1447684089 3114791 1385963 548 400 1955 32 0 0 6 73 19 25 0 0 0 0 1 0 4 0
1448094731 3114792 1385963 548 400 1955 32 0 0 6 73 19 25 0 0 0 0 1 0 4 0
1448204804 3114794 1385963 548 400 1955 32 0 0 6 73 19 25 0 0 0 0 1 0 4 0
1448521965 3114833 1385963 548 400 1955 32 0 0 6 73 19 25 0 0 0 0 1 0 4 0
1448524151 3114834 1385963 548 400 1955 32 0 0 6 73 19 25 0 0 0 0 1 0 4 0
1448524162 3125119 1385963 548 400 1955 32 0 0 6 73 19 25 0 0 0 0 1 0 4 0
1449125995 3136551 1385963 548 400 1955 32 0 0 6 73 19 25 0 0 0 0 1 0 4 0
1449126617 3136552 1385963 548 400 1955 32 0 0 6 73 19 25 0 0 0 0 1 0 4 0
1449207540 3136553 1385963 548 400 1955 32 0 0 6 73 19 25 0 0 0 0 1 0 4 0
1449480443 3136553 1385963 548 400 1955 32 0 1 6 73 19 25 0 0 0 0 1 0 4 0
1449503976 3136553 1385963 548 400 1955 32 0 2 6 73 19 25 0 0 0 0 1 0 4 0
1449504062 3136553 1385963 548 400 1955 32 0 3 6 73 19 25 0 0 0 0 1 0 4 0
1449504149 3136553 1385963 548 400 1955 32 0 4 6 73 19 25 0 0 0 0 1 0 4 0
1450863165 3136574 1385963 548 400 1955 32 0 4 6 73 19 25 0 0 0 0 1 0 4 0
1450872114 3136575 1385963 548 400 1955 32 0 4 6 73 19 25 0 0 0 0 1 0 4 0
1450872143 3136576 1385963 548 400 1955 32 0 4 6 73 19 25 0 0 0 0 1 0 4 0
1450872197 3136577 1385963 548 400 1955 32 0 4 6 73 19 25 0 0 0 0 1 0 4 0
1450873375 3136578 1385963 548 400 1955 32 0 4 6 73 19 25 0 0 0 0 1 0 4 0
1450946017 3136580 1385963 548 400 1955 32 0 4 6 73 19 25 0 0 0 0 1 0 4 0
1451126765 3136580 1385963 548 400 1955 32 0 4 6 73 19 25 0 0 0 2 1 0 4 0
1451138210 3136581 1385963 548 400 1955 32 0 4 6 73 19 25 0 0 0 2 1 0 4 0
1451289371 3136582 1385963 548 400 1955 32 0 4 6 73 19 25 0 0 0 2 1 0 4 0
1451343600 3136582 1385963 550 400 1955 32 0 4 6 73 19 25 0 0 0 2 1 0 4 0
1451565647 3136583 1385963 550 400 1955 32 0 4 6 73 19 25 0 0 0 2 1 0 4 0
1451964904 3136584 1385963 550 400 1955 32 0 4 6 73 19 25 0 0 0 2 1 0 4 0
1452354204 3136592 1385963 550 400 1955 32 0 4 6 73 19 25 0 0 0 2 1 0 4 0
1452354288 3136594 1385963 550 400 1955 32 0 4 6 73 19 25 0 0 0 2 1 0 4 0
1452501916 3136595 1385963 550 400 1955 32 0 4 6 73 19 25 0 0 0 2 1 0 4 0
1452512335 3136596 1385963 550 400 1955 32 0 4 6 73 19 25 0 0 0 2 1 0 4 0
1452512472 3136597 1385963 550 400 1955 32 0 4 6 73 19 25 0 0 0 2 1 0 4 0
1452513233 3136603 1385963 550 400 1955 32 0 4 6 73 19 25 0 0 0 2 1 0 4 0
1452513851 3136604 1385963 550 400 1955 32 0 4 6 73 19 25 0 0 0 2 1 0 4 0
1452513947 3136609 1385963 550 400 1955 32 0 4 6 73 19 25 0 0 0 2 1 0 4 0
1452514151 3136610 1385963 550 400 1955 32 0 4 6 73 19 25 0 0 0 2 1 0 4 0
1452518662 3141696 1385963 550 400 1955 32 0 4 6 73 19 25 0 0 0 2 1 0 4 0
1453208576 3141701 1385963 550 400 1955 32 0 4 6 73 19 25 0 0 0 2 1 0 4 0
1453212380 3141706 1385963 550 400 1955 32 0 4 6 73 19 25 0 0 0 2 1 0 4 0
1453289859 3141708 1385963 550 400 1955 32 0 4 6 73 19 25 0 0 0 2 1 0 4 0
1453291455 3141714 1385963 550 400 1955 32 0 4 6 73 19 25 0 0 0 2 1 0 4 0
1453563756 3141720 1385963 550 400 1955 32 0 4 6 73 19 25 0 0 0 2 1 0 4 0
1454231477 3141722 1385963 550 400 1955 32 0 4 6 73 19 25 0 0 0 2 1 0 4 0
1454239497 3141756 1385963 550 400 1955 32 0 4 6 73 19 25 0 0 0 2 1 0 4 0
1454240463 3141760 1385963 550 400 1955 32 0 4 6 73 19 25 0 0 0 2 1 0 4 0
1454240489 3141761 1385963 550 400 1955 32 0 4 6 73 19 25 0 0 0 2 1 0 4 0
1454240676 3141762 1385963 550 400 1955 32 0 4 6 73 19 25 0 0 0 2 1 0 4 0
1454396898 3141765 1385963 550 400 1955 32 0 4 6 73 19 25 0 0 0 2 1 0 4 0
1454579186 3141766 1385963 550 400 1955 32 0 4 6 73 19 25 0 0 0 2 1 0 4 0
1454579382 3141767 1385963 550 400 1955 32 0 4 6 73 19 25 0 0 0 2 1 0 4 0
1454664312 3147373 1385963 550 400 1955 32 0 4 6 73 19 25 0 0 0 2 1 0 4 0
1455543286 3147374 1385963 550 400 1955 32 0 4 6 73 19 25 0 0 0 2 1 0 4 0
1455546433 3147375 1385963 550 400 1955 32 0 4 6 73 19 25 0 0 0 2 1 0 4 0
1455549470 3147376 1385963 550 400 1955 32 0 4 6 73 19 25 0 0 0 2 1 0 4 0
1455793384 3147377 1385963 550 400 1955 32 0 4 6 73 19 25 0 0 0 2 1 0 4 0
1456039189 3147381 1385963 550 400 1955 32 0 4 6 73 19 25 0 0 0 2 1 0 4 0
1456050516 3147385 1385963 550 400 1955 32 0 4 6 73 19 25 0 0 0 2 1 0 4 0
1456139320 3147386 1385963 550 400 1955 32 0 4 6 73 19 25 0 0 0 2 1 0 4 0
1456160908 3147389 1385963 550 400 1955 32 0 4 6 73 19 25 0 0 0 2 1 0 4 0
1456302588 3147412 1385963 550 400 1955 32 0 4 6 73 19 25 0 0 0 2 1 0 4 0
1456304185 3147428 1385963 550 400 1955 32 0 4 6 73 19 25 0 0 0 2 1 0 4 0
1456304208 3147429 1385963 550 400 1955 32 0 4 6 73 19 25 0 0 0 2 1 0 4 0
1456304790 3147430 1385963 550 400 1955 32 0 4 6 73 19 25 0 0 0 2 1 0 4 0
1456304809 3147442 1385963 550 400 1955 32 0 4 6 73 19 25 0 0 0 2 1 0 4 0
1456305000 3147445 1385963 550 400 1955 32 0 4 6 73 19 25 0 0 0 2 1 0 4 0
1456331423 3147450 1385963 550 400 1955 32 0 4 6 73 19 25 0 0 0 2 1 0 4 0
1456471433 3147453 1385963 550 400 1955 32 0 4 6 73 19 25 0 0 0 2 1 0 4 0
1456665086 3147462 1385963 550 400 1955 32 0 4 6 73 19 25 0 0 0 2 1 0 4 0
1456665470 3147553 1385963 550 400 1955 32 0 4 6 73 19 25 0 0 0 2 1 0 4 0
1456666194 3147573 1385963 550 400 1955 32 0 4 6 73 19 25 0 0 0 2 1 0 4 0
1456670605 3147587 1385963 550 400 1955 32 0 4 6 73 19 25 0 0 0 2 1 0 4 0
1456691119 3147587 1385963 550 400 1955 32 0 4 6 73 19 25 0 0 0 2 1 0 4 0
1456692352 3147594 1385963 550 400 1955 32 0 4 6 73 19 25 0 0 0 2 1 0 4 0
1456692754 3147595 1385963 550 400 1955 32 0 4 6 73 19 25 0 0 0 2 1 0 4 0
1456693061 3147613 1385963 550 400 1955 32 0 4 6 73 19 25 0 0 0 2 1 0 4 0
1456694222 3147617 1385963 550 400 1955 32 0 4 6 73 19 25 0 0 0 2 1 0 4 0
1456694742 3147618 1385963 550 400 1955 32 0 4 6 73 19 25 0 0 0 2 1 0 4 0
1456695631 3147621 1385963 550 400 1955 32 0 4 6 73 19 25 0 0 0 2 1 0 4 0
1456696827 3147623 1385963 550 400 1955 32 0 4 6 73 19 25 0 0 0 2 1 0 4 0
1456865502 3147623 1385964 550 400 1955 32 0 4 6 73 19 25 0 0 0 2 1 0 4 0
1456865870 3147623 1385965 550 400 1955 32 0 4 6 73 19 25 0 0 0 2 1 0 4 0
1456866657 3147623 1385965 550 400 1955 32 0 4 6 73 19 25 0 0 0 2 1 0 4 0
1456866948 3147623 1385968 550 400 1955 32 0 4 6 73 19 25 0 0 0 2 1 0 4 0
1456900843 3147631 1385968 550 400 1955 32 0 4 6 73 19 25 0 0 0 2 1 0 4 0
1457017265 3147632 1385968 550 400 1955 32 0 4 6 73 19 25 0 0 0 2 1 0 4 0
1457446111 3147633 1385968 550 400 1955 32 0 4 6 73 19 25 0 0 0 2 1 0 4 0
1457712922 3147633 1385968 550 400 1955 32 0 4 6 73 19 25 0 0 0 2 1 0 4 0
1457713059 3147633 1385968 550 400 1955 32 0 4 6 73 19 25 0 0 0 2 1 0 4 0
1457797112 3147633 1385968 550 400 1955 32 0 4 6 73 19 25 0 0 0 2 1 0 4 0
1457797211 3147634 1385968 550 400 1955 32 0 4 6 73 19 25 0 0 0 2 1 0 4 0
1457797747 3147648 1385968 550 400 1955 32 0 4 6 73 19 25 0 0 0 2 1 0 4 0
1457799637 3147651 1385968 550 400 1955 32 0 4 6 73 19 25 0 0 0 2 1 0 4 0
1457864784 3147655 1385968 550 400 1955 32 0 4 6 73 19 25 0 0 0 2 1 0 4 0
1458395822 3147656 1385968 550 400 1955 32 0 4 6 73 19 25 0 0 0 2 1 0 4 0
1458486592 3147657 1385968 550 400 1955 32 0 4 6 73 19 25 0 0 0 2 1 0 4 0
1459071196 3147759 1385968 550 400 1955 32 0 4 6 73 19 25 0 0 0 2 1 0 4 0
1459693351 3147761 1385968 550 400 1955 32 0 4 6 73 19 25 0 0 0 2 1 0 4 0
1460100608 3147763 1385968 550 400 1955 32 0 4 6 73 19 25 0 0 0 2 1 0 4 0
1461297707 3147764 1385968 550 400 1955 32 0 4 6 73 19 25 0 0 0 2 1 0 4 0
1461303329 3147776 1385968 550 400 1955 32 0 4 6 73 19 25 0 0 0 2 1 0 4 0
1461303945 3147778 1385968 550 400 1955 32 0 4 6 73 19 25 0 0 0 2 1 0 4 0
1461305166 3147783 1385968 550 400 1955 32 0 4 6 73 19 25 0 0 0 2 1 0 4 0
1461863948 3147783 1385968 550 400 1955 41 0 4 6 73 19 25 0 0 0 2 1 0 4 0
1461867144 3147783 1385968 550 400 1955 41 0 4 6 73 19 25 0 0 0 2 1 0 4 0
1461923065 3147783 1385968 550 400 1955 51 0 4 6 73 19 25 0 0 0 2 1 0 4 0
1461964041 3147783 1385968 550 400 1955 65 0 4 6 73 19 25 0 0 0 2 1 0 4 0
1461999770 3147783 1385968 550 400 1955 65 0 4 6 73 19 25 0 0 0 2 1 0 4 0
1462001286 3147783 1385970 550 400 1955 65 0 4 6 73 19 25 0 0 0 2 1 0 4 0
1462037273 3147785 1385970 550 400 1955 65 0 4 6 73 19 25 0 0 0 2 1 0 4 0
1462090954 3147787 1385970 550 400 1955 65 0 4 6 73 19 25 0 0 0 2 1 0 4 0
1462091225 3147789 1385970 550 400 1955 65 0 4 6 73 19 25 0 0 0 2 1 0 4 0
1462108000 3147791 1385970 550 400 1955 65 0 4 6 73 19 25 0 0 0 2 1 0 4 0
1463018963 3147822 1385970 550 400 1955 65 0 4 6 73 19 25 0 0 0 2 1 0 4 0
1463033408 3147824 1385970 550 400 1955 65 0 4 6 73 19 25 0 0 0 2 1 0 4 0
1463063892 3147833 1385970 550 400 1955 65 0 4 6 73 19 25 0 0 0 2 1 0 4 0
1463065663 3147839 1385970 550 400 1955 65 0 4 6 73 19 25 0 0 0 2 1 0 4 0
1463146838 3147840 1385970 550 400 1955 65 0 4 6 73 19 25 0 0 0 2 1 0 4 0
1463206474 3147841 1385970 550 400 1955 65 0 4 6 73 19 25 0 0 0 2 1 0 4 0
1463383204 3147842 1385970 550 400 1955 65 0 4 6 73 19 25 0 0 0 2 1 0 4 0
1463595402 3147878 1385970 550 400 1955 65 0 4 6 73 19 25 0 0 0 2 1 0 4 0
1463653156 3147878 1385970 550 400 1955 65 0 4 6 73 19 25 0 0 0 2 1 0 4 0
1463653747 3147879 1385970 550 400 1955 65 0 4 6 73 19 25 0 0 0 2 1 0 4 0
1463654899 3147879 1385970 550 400 1955 65 0 4 6 73 19 25 0 0 0 2 1 0 4 0
1464005801 3147880 1385970 550 400 1955 65 0 4 6 73 19 25 0 0 0 2 1 0 4 0
1464285206 3147881 1385970 550 400 1955 65 0 4 6 73 19 25 0 0 0 2 1 0 4 0
1464336203 3147882 1385970 550 400 1955 65 0 4 6 73 19 25 0 0 0 2 1 0 4 0
1464743399 3147882 1385970 551 400 1955 65 0 4 6 73 19 25 0 0 0 2 1 0 4 0
1464787920 3147883 1385970 551 400 1955 65 0 4 6 73 19 25 0 0 0 2 1 0 4 0
1464833230 3147884 1385970 551 400 1955 65 0 4 6 73 19 25 0 0 0 2 1 0 4 0
1464833284 3147886 1385970 551 400 1955 65 0 4 6 73 19 25 0 0 0 2 1 0 4 0
1464863621 3147893 1385970 551 400 1955 65 0 4 6 73 19 25 0 0 0 2 1 0 4 0
1464863711 3147895 1385970 551 400 1955 65 0 4 6 73 19 25 0 0 0 2 1 0 4 0
1464869647 3147896 1385970 551 400 1955 65 0 4 6 73 19 25 0 0 0 2 1 0 4 0
1464952623 3147902 1385970 551 400 1955 65 0 4 6 73 19 25 0 0 0 2 1 0 4 0
1464962750 3147903 1385970 551 400 1955 65 0 4 6 73 19 25 0 0 0 2 1 0 4 0
1465123554 3147911 1385970 551 400 1955 65 0 4 6 73 19 25 0 0 0 2 1 0 4 0
1465123868 3147915 1385970 551 400 1955 65 0 4 6 73 19 25 0 0 0 2 1 0 4 0
1465133925 3147916 1385970 551 400 1955 65 0 4 6 73 19 25 0 0 0 2 1 0 4 0
1465133962 3147922 1385970 551 400 1955 65 0 4 6 73 19 25 0 0 0 2 1 0 4 0
1465144732 3147925 1385970 551 400 1955 65 0 4 6 73 19 25 0 0 0 2 1 0 4 0
1465176994 3147930 1385970 551 400 1955 65 0 4 6 73 19 25 0 0 0 2 1 0 4 0
1465177010 3147931 1385970 551 400 1955 65 0 4 6 73 19 25 0 0 0 2 1 0 4 0
1465307843 3147931 1385974 551 400 1955 65 0 4 6 73 19 25 0 0 0 2 1 0 4 0
1465309089 3147931 1385975 551 400 1955 65 0 4 6 73 19 25 0 0 0 2 1 0 4 0
1465414118 3147933 1385975 551 400 1955 65 0 4 6 73 19 25 0 0 0 2 1 0 4 0
1465798972 3147942 1385975 551 400 1955 65 0 4 6 73 19 25 0 0 0 2 1 0 4 0
1465800394 3147953 1385975 551 400 1955 65 0 4 6 73 19 25 0 0 0 2 1 0 4 0
1465800590 3147963 1385975 551 400 1955 65 0 4 6 73 19 25 0 0 0 2 1 0 4 0
1465801008 3147964 1385975 551 400 1955 65 0 4 6 73 19 25 0 0 0 2 1 0 4 0
1465802316 3147972 1385975 551 400 1955 65 0 4 6 73 19 25 0 0 0 2 1 0 4 0
1465803177 3147980 1385975 551 400 1955 65 0 4 6 73 19 25 0 0 0 2 1 0 4 0
1465826913 3148010 1385975 551 400 1955 65 0 4 6 73 19 25 0 0 0 2 1 0 4 0
1465888010 3148010 1385975 551 400 1955 65 0 4 6 73 19 25 0 0 0 2 1 0 4 1
1465891240 3148010 1385975 551 400 1955 65 0 4 6 73 19 25 0 0 0 2 1 0 4 1
1465906512 3148011 1385975 551 400 1955 65 0 4 6 73 19 25 0 0 0 2 1 0 4 1
1465906611 3148013 1385975 551 400 1955 65 0 4 6 73 19 25 0 0 0 2 1 0 4 1
1466235402 3148014 1385975 551 400 1955 65 0 4 6 73 19 25 0 0 0 2 1 0 4 1
1466422001 3148014 1385975 551 400 1955 65 0 4 6 73 19 25 0 0 0 2 1 0 4 1
1466422112 3148014 1385975 551 400 1955 65 0 4 6 73 19 25 0 0 0 2 1 0 4 1
1467532427 3148022 1385975 551 400 1955 65 0 4 6 73 19 25 0 0 0 2 1 0 4 1
1468064435 3148023 1385975 551 400 1955 65 0 4 6 73 19 25 0 0 0 2 1 0 4 1
1468065414 3148026 1385975 551 400 1955 65 0 4 6 73 19 25 0 0 0 2 1 0 4 1
1468067052 3148029 1385975 551 400 1955 65 0 4 6 73 19 25 0 0 0 2 1 0 4 1
1468068647 3148030 1385975 551 400 1955 65 0 4 6 73 19 25 0 0 0 2 1 0 4 1
1468068666 3148039 1385975 551 400 1955 65 0 4 6 73 19 25 0 0 0 2 1 0 4 1
1468069131 3148040 1385975 551 400 1955 65 0 4 6 73 19 25 0 0 0 2 1 0 4 1
1468069256 3148048 1385975 551 400 1955 65 0 4 6 73 19 25 0 0 0 2 1 0 4 1
1468069965 3148049 1385975 551 400 1955 65 0 4 6 73 19 25 0 0 0 2 1 0 4 1
1468070069 3148049 1385975 551 400 1955 65 0 4 6 73 19 25 0 0 0 2 1 0 4 1
1468071393 3148051 1385975 551 400 1955 65 0 4 6 73 19 25 0 0 0 2 1 0 4 1
1468071415 3148054 1385975 551 400 1955 65 0 4 6 73 19 25 0 0 0 2 1 0 4 1
1468074205 3148055 1385975 551 400 1955 65 0 4 6 73 19 25 0 0 0 2 1 0 4 1
1468074242 3148060 1385975 551 400 1955 65 0 4 6 73 19 25 0 0 0 2 1 0 4 1
1468074268 3148061 1385975 551 400 1955 65 0 4 6 73 19 25 0 0 0 2 1 0 4 1
1468074745 3148076 1385975 551 400 1955 65 0 4 6 73 19 25 0 0 0 2 1 0 4 1
1468074779 3148077 1385975 551 400 1955 65 0 4 6 73 19 25 0 0 0 2 1 0 4 1
1468074823 3148078 1385975 551 400 1955 65 0 4 6 73 19 25 0 0 0 2 1 0 4 1
1468076364 3148079 1385975 551 400 1955 65 0 4 6 73 19 25 0 0 0 2 1 0 4 1
1468089991 3148081 1385975 551 400 1955 65 0 4 6 73 19 25 0 0 0 2 1 0 4 1
1468099859 3148081 1385975 640 400 1955 65 0 4 6 73 19 25 0 0 0 2 1 0 4 1
1468133447 3148082 1385975 640 400 1955 65 0 4 6 73 19 25 0 0 0 2 1 0 4 1
1468133548 3148096 1385975 640 400 1955 65 0 4 6 73 19 25 0 0 0 2 1 0 4 1
1468133693 3148098 1385975 640 400 1955 65 0 4 6 73 19 25 0 0 0 2 1 0 4 1
1468216300 3148099 1385975 640 400 1955 65 0 4 6 73 19 25 0 0 0 2 1 0 4 1
1468237260 3148100 1385975 640 400 1955 65 0 4 6 73 19 25 0 0 0 2 1 0 4 1
1468241735 3148107 1385975 640 400 1955 65 0 4 6 73 19 25 0 0 0 2 1 0 4 1
1468241777 3148119 1385975 640 400 1955 65 0 4 6 73 19 25 0 0 0 2 1 0 4 1
1468241851 3148119 1385975 640 400 1955 65 0 4 6 73 19 25 0 0 0 2 1 0 4 1
1468241878 3148120 1385975 640 400 1955 65 0 4 6 73 19 25 0 0 0 2 1 0 4 1
1468242268 3148123 1385975 640 400 1955 65 0 4 6 73 19 25 0 0 0 2 1 0 4 1
1468242718 3148127 1385975 640 400 1955 65 0 4 6 73 19 25 0 0 0 2 1 0 4 1
1468242813 3148140 1385975 640 400 1955 65 0 4 6 73 19 25 0 0 0 2 1 0 4 1
1468243220 3148141 1385975 640 400 1955 65 0 4 6 73 19 25 0 0 0 2 1 0 4 1
1468243257 3148142 1385975 640 400 1955 65 0 4 6 73 19 25 0 0 0 2 1 0 4 1
1468243347 3148144 1385975 640 400 1955 65 0 4 6 73 19 25 0 0 0 2 1 0 4 1
1468493156 3148146 1385975 640 400 1955 65 0 4 6 73 19 25 0 0 0 2 1 0 4 1
1468773103 3148151 1385975 640 400 1955 65 0 4 6 73 19 25 0 0 0 2 1 0 4 1
1469077033 3148152 1385975 640 400 1955 65 0 4 6 73 19 25 0 0 0 2 1 0 4 1
1469418608 3148153 1385975 640 400 1955 65 0 4 6 73 19 25 0 0 0 2 1 0 4 1
1470124508 3148154 1385975 640 400 1955 65 0 4 6 73 19 25 0 0 0 2 1 0 4 1
1470127076 3148158 1385975 640 400 1955 65 0 4 6 73 19 25 0 0 0 2 1 0 4 1
1470268146 3148159 1385975 640 400 1955 65 0 4 6 73 19 25 0 0 0 2 1 0 4 1
1470271836 3148160 1385975 640 400 1955 65 0 4 6 73 19 25 0 0 0 2 1 0 4 1
1471936956 3148163 1385975 640 400 1955 65 0 4 6 73 19 25 0 0 0 2 1 0 4 1
1471941412 3148163 1385975 640 400 1955 65 0 4 6 73 19 25 0 0 0 2 1 0 4 1
1471968204 3148184 1385975 640 400 1955 65 0 4 6 73 19 25 0 0 0 2 1 0 4 1
1472134208 3148190 1385975 640 400 1955 65 0 4 6 73 19 25 0 0 0 2 1 0 4 1
1472377481 3148190 1385975 640 400 1955 65 0 4 6 73 19 25 0 0 0 2 1 0 4 1
1472550799 3148191 1385975 640 400 1955 65 0 4 6 73 19 25 0 0 0 2 1 0 4 1
1472551078 3148211 1385975 640 400 1955 65 0 4 6 73 19 25 0 0 0 2 1 0 4 1
1472551093 3193443 1385975 640 400 1955 65 0 4 6 73 19 25 0 0 0 2 1 0 4 1
1472551121 3206609 1385975 640 400 1955 65 0 4 6 73 19 25 0 0 0 2 1 0 4 1
1472579167 3206609 1385975 640 400 1955 65 0 4 6 73 19 25 0 0 0 2 1 0 4 1
1472696303 3206609 1385975 640 400 1955 65 0 4 6 73 19 25 0 0 0 2 1 0 4 1
1472696872 3206614 1385975 640 400 1955 65 0 4 6 73 19 25 0 0 0 2 1 0 4 1
1472800509 3206616 1385975 640 400 1955 65 0 4 6 73 19 25 0 0 0 2 1 0 4 1
1472803112 3206617 1385975 640 400 1955 65 0 4 6 73 19 25 0 0 0 2 1 0 4 1
1472805793 3206619 1385975 640 400 1955 65 0 4 6 73 19 25 0 0 0 2 1 0 4 1
1472808496 3206639 1385975 640 400 1955 65 0 4 6 73 19 25 0 0 0 2 1 0 4 1
1472814789 3206643 1385975 640 400 1955 65 0 4 6 73 19 25 0 0 0 2 1 0 4 1
1472893225 3206649 1385975 640 400 1955 65 0 4 6 73 19 25 0 0 0 2 1 0 4 1
1473061056 3206652 1385975 640 400 1955 65 0 4 6 73 19 25 0 0 0 2 1 0 4 1
1473340313 3206653 1385975 640 400 1955 65 0 4 6 73 19 25 0 0 0 2 1 0 4 1
1473513557 3206664 1385975 640 400 1955 65 0 4 6 73 19 25 0 0 0 2 1 0 4 1
1473513817 3206664 1385975 640 400 1955 65 0 4 6 73 19 25 0 0 0 2 1 0 4 1
1474196052 3206665 1385975 640 400 1955 65 0 4 6 73 19 25 0 0 0 2 1 0 4 1
1474196309 3206668 1385975 640 400 1955 65 0 4 6 73 19 25 0 0 0 2 1 0 4 1
1474254842 3206672 1385975 640 400 1955 65 0 4 6 73 19 25 0 0 0 2 1 0 4 1
1474925385 3206672 1385975 640 400 1955 65 0 4 6 73 19 25 0 0 4 2 1 0 4 1
1475122566 3206674 1385975 640 400 1955 65 0 4 6 73 19 25 0 0 4 2 1 0 4 1
1475352955 3206678 1385975 640 400 1955 65 0 4 6 73 19 25 0 0 4 2 1 0 4 1
1475588074 3206678 1386258 640 400 1955 65 0 4 6 73 19 25 0 0 4 2 1 0 4 1
1475631674 3206678 1386259 640 400 1955 65 0 4 6 73 19 25 0 0 4 2 1 0 4 1
1475631700 3206678 1386260 640 400 1955 65 0 4 6 73 19 25 0 0 4 2 1 0 4 1
1475632570 3206678 1386270 640 400 1955 65 0 4 6 73 19 25 0 0 4 2 1 0 4 1
1475943645 3206724 1386270 640 400 1955 65 0 4 6 73 19 25 0 0 4 2 1 0 4 1
1475943805 3206765 1386270 640 400 1955 65 0 4 6 73 19 25 0 0 4 2 1 0 4 1
1475943893 3206774 1386270 640 400 1955 65 0 4 6 73 19 25 0 0 4 2 1 0 4 1
1475944723 3207173 1386270 640 400 1955 65 0 4 6 73 19 25 0 0 4 2 1 0 4 1
1475944742 3207173 1386270 640 400 1955 65 0 4 6 73 19 25 0 0 4 2 1 0 4 1
1475945065 3207247 1386270 640 400 1955 65 0 4 6 73 19 25 0 0 4 2 1 0 4 1
1476087773 3207255 1386270 640 400 1955 65 0 4 6 73 19 25 0 0 4 2 1 0 4 1
1476641754 3207255 1386270 640 400 1955 65 0 4 6 73 19 25 1 0 4 2 1 0 4 1
1476659490 3207255 1386270 640 400 1955 65 0 4 6 73 19 25 1 0 4 2 1 0 4 1
1476676681 3207261 1386270 640 400 1955 65 0 4 6 73 19 25 1 0 4 2 1 0 4 1
1476685153 3207262 1386270 640 400 1955 65 0 4 6 73 19 25 1 0 4 2 1 0 4 1
1476766086 3207273 1386270 640 400 1955 65 0 4 6 73 19 25 1 0 4 2 1 0 4 1
1476810416 3207274 1386270 640 400 1955 65 0 4 6 73 19 25 1 0 4 2 1 0 4 1
1476945867 3207286 1386270 640 400 1955 65 0 4 6 73 19 25 1 0 4 2 1 0 4 1
1477119734 3207294 1386270 640 400 1955 65 0 4 6 73 19 25 1 0 4 2 1 0 4 1
1477120030 3207295 1386270 640 400 1955 65 0 4 6 73 19 25 1 0 4 2 1 0 4 1
1477120425 3207297 1386270 640 400 1955 65 0 4 6 73 19 25 1 0 4 2 1 0 4 1
1477239958 3207299 1386270 640 400 1955 65 0 4 6 73 19 25 1 0 4 2 1 0 4 1
1477284616 3207309 1386270 640 400 1955 65 0 4 6 73 19 25 1 0 4 2 1 0 4 1
1477284947 3207316 1386270 640 400 1955 65 0 4 6 73 19 25 1 0 4 2 1 0 4 1
1477290321 3207333 1386270 640 400 1955 65 0 4 6 73 19 25 1 0 4 2 1 0 4 1
1477577564 3207333 1386270 640 400 1955 65 0 4 6 73 19 25 1 0 4 2 1 0 4 1
1477578067 3207333 1386270 640 400 1955 65 0 4 6 73 19 25 1 0 4 2 1 0 4 1
1478021277 3207349 1386270 640 400 1955 65 0 4 6 73 19 25 1 0 4 2 1 0 4 1
1478535416 3207349 1386270 640 400 1955 65 0 4 6 73 19 25 1 0 4 2 1 0 4 1
1478545162 3207350 1386270 640 400 1955 65 0 4 6 73 19 25 1 0 4 2 1 0 4 1
1480128184 3207351 1386270 640 400 1955 65 0 4 6 73 19 25 1 0 4 2 1 0 4 1
1480663467 3207355 1386270 640 400 1955 65 0 4 6 73 19 25 1 0 4 2 1 0 4 1
1480995030 3207355 1386270 741 400 1955 65 0 4 6 73 19 25 1 0 4 2 1 0 4 1
1481347191 3207355 1386270 741 400 1955 65 0 4 6 73 19 25 1 200 4 2 1 0 4 1
1481347565 3207355 1386270 741 400 1955 65 0 4 6 73 19 25 1 200 4 2 1 0 4 1
1481506947 3207355 1386271 741 400 1955 65 0 4 6 73 19 25 1 200 4 2 1 0 4 1
1482795445 3207358 1386271 741 400 1955 65 0 4 6 73 19 25 1 200 4 2 1 0 4 1
1482800115 3207358 1386271 741 400 1955 65 0 4 6 73 19 25 1 200 4 2 1 0 4 1
1482800710 3207358 1386271 741 400 1955 65 0 4 6 73 19 25 1 200 4 2 1 0 4 1
1482824723 3207361 1386271 741 400 1955 65 0 4 6 73 19 25 1 200 4 2 1 0 4 1
1482825074 3207363 1386271 741 400 1955 65 0 4 6 73 19 25 1 200 4 2 1 0 4 1
1482825157 3207364 1386271 741 400 1955 65 0 4 6 73 19 25 1 200 4 2 1 0 4 1
1483202814 3226335 1386271 741 400 1955 65 0 4 6 73 19 25 1 200 4 2 1 0 4 1
1483290726 3226351 1386271 741 400 1955 65 0 4 6 73 19 25 1 200 4 2 1 0 4 1
1483349512 3226352 1386271 741 400 1955 65 0 4 6 73 19 25 1 200 4 2 1 0 4 1
1483366564 3226352 1386271 741 400 1955 65 0 4 6 73 19 25 1 200 4 2 1 0 4 1
1483371151 3226352 1386271 741 400 1955 65 0 4 6 73 19 25 1 200 4 2 1 0 4 1
1483853730 3226352 1386271 741 400 1955 65 0 4 6 73 19 25 1 200 4 2 1 0 4 1
1484637747 3226352 1386271 741 400 1955 65 0 4 6 73 19 25 1 200 4 2 1 0 4 1
1485781770 3226352 1386271 741 400 1955 65 0 4 6 73 19 25 1 200 4 2 1 0 4 1
1485984636 3226356 1386271 741 400 1955 65 0 4 6 73 19 25 1 200 4 2 1 0 4 1
1486986102 3226356 1386271 741 400 1955 65 0 4 6 73 19 25 1 200 4 2 1 0 4 1
1487042561 3226357 1386271 741 400 1955 65 0 4 6 73 19 25 1 200 4 2 1 0 4 1
1487263931 3226357 1386271 741 400 1955 65 0 4 6 73 19 25 1 200 4 2 1 3 4 1
1487264060 3226357 1386271 741 400 1955 65 0 4 6 73 19 25 1 200 4 2 1 3 4 1
1487443930 3226359 1386271 741 400 1955 65 0 4 6 73 19 25 1 200 4 2 1 3 4 1
1487443989 3230519 1386271 741 400 1955 65 0 4 6 73 19 25 1 200 4 2 1 3 4 1
1487452018 3237239 1386271 741 400 1955 65 0 4 6 73 19 25 1 200 4 2 1 3 4 1
1487628060 3237241 1386271 741 400 1955 65 0 4 6 73 19 25 1 200 4 2 1 3 4 1
1487629364 3237242 1386271 741 400 1955 65 0 4 6 73 19 25 1 200 4 2 1 3 4 1
1487629371 3237251 1386271 741 400 1955 65 0 4 6 73 19 25 1 200 4 2 1 3 4 1
1487630242 3237252 1386271 741 400 1955 65 0 4 6 73 19 25 1 200 4 2 1 3 4 1
1487630446 3237256 1386271 741 400 1955 65 0 4 6 73 19 25 1 200 4 2 1 3 4 1
1487762981 3237257 1386271 741 400 1955 65 0 4 6 73 19 25 1 200 4 2 1 3 4 1
1487764675 3237261 1386271 741 400 1955 65 0 4 6 73 19 25 1 200 4 2 1 3 4 1
1487867715 3237262 1386271 741 400 1955 65 0 4 6 73 19 25 1 200 4 2 1 3 4 1
1488114453 3237267 1386271 741 400 1955 65 0 4 6 73 19 25 1 200 4 2 1 3 4 1
1488114491 3237270 1386271 741 400 1955 65 0 4 6 73 19 25 1 200 4 2 1 3 4 1
1488115178 3237272 1386271 741 400 1955 65 0 4 6 73 19 25 1 200 4 2 1 3 4 1
1488139177 3237273 1386271 741 400 1955 65 0 4 6 73 19 25 1 200 4 2 1 3 4 1
1488217175 3237274 1386271 741 400 1955 65 0 4 6 73 19 25 1 200 4 2 1 3 4 1
1488415316 3237282 1386271 741 400 1955 65 0 4 6 73 19 25 1 200 4 2 1 3 4 1
1488645820 3237282 1386271 741 400 1955 65 3 4 6 73 19 25 1 200 4 2 1 3 4 1
1489067778 3237282 1386271 741 400 1955 65 6 4 6 73 19 25 1 200 4 2 1 3 4 1
1489067987 3237282 1386271 741 400 1955 65 6 4 6 73 19 25 1 200 4 2 1 3 4 1
1489068888 3237283 1386271 741 400 1955 65 6 4 6 73 19 25 1 200 4 2 1 3 4 1
1489141505 3237285 1386271 741 400 1955 65 6 4 6 73 19 25 1 200 4 2 1 3 4 1
1489146681 3237285 1386271 741 400 1955 65 10 4 6 73 19 25 1 200 4 2 1 3 4 1
1489347842 3237285 1386271 741 400 1955 65 10 4 6 73 19 25 1 200 4 2 1 3 4 1
1489400035 3237285 1386271 741 400 1955 65 15 4 6 73 19 25 1 200 4 2 1 3 4 1
1489429855 3237285 1386271 741 400 1955 65 17 4 6 73 19 25 1 200 4 2 1 3 4 1
1489492971 3237285 1386271 741 400 1955 65 17 4 6 73 19 25 1 200 4 2 1 3 4 1
1489575865 3237285 1386271 741 400 1955 65 17 4 6 73 19 25 1 200 4 2 1 3 4 1
1489576335 3237287 1386271 741 400 1955 65 17 4 6 73 19 25 1 200 4 2 1 3 4 1
1489576579 3237288 1386271 741 400 1955 65 17 4 6 73 19 25 1 200 4 2 1 3 4 1
1490076248 3237290 1386271 741 400 1955 65 17 4 6 73 19 25 1 200 4 2 1 3 4 1
1490080025 3237292 1386271 741 400 1955 65 17 4 6 73 19 25 1 200 4 2 1 3 4 1
1490121004 3237292 1386271 741 400 1955 65 17 4 6 73 19 25 1 200 4 2 1 3 4 1
1490224916 3237292 1386271 741 402 1955 65 17 4 6 73 19 25 1 200 4 2 1 3 4 1
1490341535 3237292 1386271 741 402 1955 65 17 4 6 73 19 25 1 200 4 2 1 3 4 1
1490516347 3237305 1386271 741 402 1955 65 17 4 6 73 19 25 1 200 4 2 1 3 4 1
1490539995 3237337 1386271 741 402 1955 65 17 4 6 73 19 25 1 200 4 2 1 3 4 1
1490544290 3237341 1386271 741 402 1955 65 17 4 6 73 19 25 1 200 4 2 1 3 4 1
1490605904 3237342 1386271 741 402 1955 65 17 4 6 73 19 25 1 200 4 2 1 3 4 1
